0.011869941649298513 0.004147317947855923 -0.0013992722055639643 0.004147317947855923 0.002625012621855232 -0.004920406659853862 -0.0013992722055639643 -0.004920406659853862 0.009073233553400983
0.014979741491979056 0.001823461023786111 -0.0014378348254023413 0.001823461023786111 0.003652430993263419 -0.0033990194914683704 -0.0014378348254023413 -0.0033990194914683704 0.009981291434833239
0.01686196460313793 0.0005536490419652694 -0.0007657434510763427 0.0005536490419652694 0.010520249954955319 0.0019226220462276518 -0.0007657434510763427 0.0019226220462276518 0.009384488984953596
0.01778838563687418 -0.000390216986459767 5.876208737276491e-05 -0.000390216986459767 0.013820108423982146 0.005148109748423326 5.876208737276491e-05 0.005148109748423326 0.006457402507697743
0.01435080352556743 -0.001994238340213209 0.00042877960629814397 -0.001994238340213209 0.015177145379246937 0.004859808257250698 0.00042877960629814397 0.004859808257250698 0.007814439462962534
0.007705178706753798 -0.0027149920681447787 -0.00020291283295907883 -0.0027149920681447787 0.015873108851568122 0.002681020236382399 -0.00020291283295907883 0.002681020236382399 0.011050945056540602
0.0003039101706310185 -0.003103372739374147 -0.00027820175740543384 -0.003103372739374147 0.014194716730983522 0.0011440243885385167 -0.00027820175740543384 0.0011440243885385167 0.00689903632060868
-0.0043943023463445755 -0.0064794382904625305 0.0013634640585711859 -0.0064794382904625305 0.015051357785964612 -0.0007179992550859712 0.0013634640585711859 -0.0007179992550859712 0.0032071245498916847
0.002533196860335287 -0.01024572082801068 -0.002209087222169881 -0.01024572082801068 0.017175974507536145 -0.002622258149009634 -0.002209087222169881 -0.002622258149009634 0.0036193773191162387
0.010375181051753803 -0.008562737919350086 -0.004177617149157506 -0.008562737919350086 0.017792976424950174 -0.0024092455822833612 -0.004177617149157506 -0.0024092455822833612 0.002386291641903375
0.00972879809065339 -0.004590788075997259 -0.0043667576178885925 -0.004590788075997259 0.014638186859124859 -0.0021457343467211187 -0.0043667576178885925 -0.0021457343467211187 0.0016894100119669911
0.004825836425488318 -0.002034637275281985 -0.0023220206088394135 -0.002034637275281985 0.009991391168600434 -0.00231100271745702 -0.0023220206088394135 -0.00231100271745702 0.0014424256134783387
0.005887226628658884 0.00020015836011348046 0.003728638075324973 0.00020015836011348046 0.005899162677656477 -0.002682856551612798 0.003728638075324973 -0.002682856551612798 0.0036340678409594296
0.008700461561630004 0.0018932410025412692 0.00788605575694809 0.0018932410025412692 0.0019409851985316409 -0.0021815424937138973 0.00788605575694809 -0.0021815424937138973 0.004670667788519611
0.008641699474257239 0.0032319148055020702 0.00638027726802099 0.0032319148055020702 -0.005669623273856614 -0.0024019003213617655 0.00638027726802099 -0.0024019003213617655 0.002759063633674352
0.007765777109356963 0.0034752265735299246 0.00030482832824621796 0.0034752265735299246 -0.006132374711917138 -0.002734273378063967 0.00030482832824621796 -0.002734273378063967 0.0028022170415887265
0.00725160884484527 0.0018207065509405129 -0.005009467948528208 0.0018207065509405129 5.5089456911967096e-06 0.0013276559115784072 -0.005009467948528208 0.0013276559115784072 0.009186166940070515
0.011214377112046103 0.0029729943580158245 -0.007561027961167485 0.0029729943580158245 0.0022586677333906514 0.006261834935660261 -0.007561027961167485 0.006261834935660261 0.013095682065589781
0.018085868704198798 0.004299732111979032 -0.00669795980288 0.004299732111979032 0.004821245637412321 0.008981417791881037 -0.00669795980288 0.008981417791881037 0.013216878870796107
0.017336652090196046 0.002538705806026484 -0.006235208364819477 0.002538705806026484 0.0040095943055760055 0.010006081690443624 -0.006235208364819477 0.010006081690443624 0.00785116576757051
0.011196013959742113 -0.00015700495219910624 -0.006494128812305721 -0.00015700495219910624 0.0019198675733820537 0.00830565378709424 -0.006494128812305721 0.00830565378709424 -0.002388127957133774
0.0024046547942073644 -0.002485452664344916 -0.004947951388309845 -0.002485452664344916 0.004801964327493132 0.00457150676607807 -0.004947951388309845 0.00457150676607807 -0.014062502034394802
-0.006774166884941555 -0.001447016401554336 -0.0025230971265680934 -0.001447016401554336 0.009286246120127253 0.0029638127818638303 -0.0025230971265680934 0.0029638127818638303 -0.02175299021930541
-0.014573915826060897 0.002337629288297804 -0.0021769517056379 0.002337629288297804 0.00879135916553475 0.001359791428110388 -0.0021769517056379 0.001359791428110388 -0.020902776267630718
-0.017568027809226307 0.0043153407914374225 -0.0050057953180674105 0.0043153407914374225 0.0017674534092589447 -0.002374355592905782 -0.0050057953180674105 -0.002374355592905782 -0.023066873766655827
-0.016960207467964273 0.005565871463339076 -0.008476431103521339 0.005565871463339076 -0.009820613852173336 -0.003915024071210462 -0.008476431103521339 -0.003915024071210462 -0.028760369138507626
-0.01555726263193951 0.0058128558618277286 -0.0065942079923624625 0.0058128558618277286 -0.017693815402508632 -0.0010154823224105937 -0.0065942079923624625 -0.0010154823224105937 -0.021588640006184708
-0.011013300594317424 0.0038287172553817133 -0.0034302368503851518 0.0038287172553817133 -0.018768977969907192 0.0010375181051753804 -0.0034302368503851518 0.0010375181051753804 -0.01374941028761179
-0.011225395003428498 0.0007253445160075669 -0.0077024242339082 0.0007253445160075669 -0.018187784199485937 -0.0011954412149896862 -0.0077024242339082 -0.0011954412149896862 -0.018598200653480095
-0.011950739519436062 -0.0032135516531980805 -0.014068929137701199 -0.0032135516531980805 -0.011593576207123476 -0.005738485094996573 -0.014068929137701199 -0.005738485094996573 -0.018527502517109735
-0.011868105334068112 -0.006096566564924359 -0.01364841294993985 -0.006096566564924359 -0.005252779716556064 -0.004945196915464247 -0.01364841294993985 -0.004945196915464247 -0.0200920430934096
-0.008043978866762396 -0.007695078972986605 -0.007976035203237636 -0.007695078972986605 -0.0025120792351857 -0.0014617069233975272 -0.007976035203237636 -0.0014617069233975272 -0.027556664504981145
-0.0028462886071183003 -0.009369798463110405 -0.0011513696494601124 -0.009369798463110405 0.0020401462209731817 0.0012064591063720796 -0.0011513696494601124 0.0012064591063720796 -0.02754197398313795
-0.0024285268922025495 -0.008745451284774778 0.0003213551653198081 -0.008745451284774778 0.0067851847763239475 0.0008116513318363153 0.0003213551653198081 0.0008116513318363153 -0.021692391816702246
-0.004456737064178138 -0.007023905756275805 0.0019070133667692612 -0.007023905756275805 0.011044517953234205 -0.0009934465396458068 0.0019070133667692612 -0.0009934465396458068 -0.009859176472011713
0.0020860541017331544 -0.001969448084602824 0.00731771619313963 -0.001969448084602824 0.012191296814618321 0.0021925603850962904 0.00731771619313963 0.0021925603850962904 0.001247776199056055
0.0016067758265990403 0.0009209120880450501 0.008493876098210127 0.0009209120880450501 0.009019062254104215 0.005000286372376214 0.008493876098210127 0.005000286372376214 0.006162673913218719
0.001954757562759633 0.0011357609700017217 0.0066750058625000145 0.0011357609700017217 0.008597627908727666 0.0049644782253834355 0.0066750058625000145 0.0049644782253834355 0.011553177272054701
0.011565113321052293 0.0015030240160815026 0.004405320237726969 0.0015030240160815026 0.0132278967621785 0.003521134454289897 0.004405320237726969 0.003521134454289897 0.01924366545696531
0.016411149214075 0.002924332004410254 0.0024340358378937463 0.002924332004410254 0.017559764390689514 0.0023954732180553693 0.0024340358378937463 0.0023954732180553693 0.025107019987629008
0.01245848068064136 0.002282539831385837 -0.000237802822336658 0.002282539831385837 0.021262694052788904 0.0012569577752080494 -0.000237802822336658 0.0012569577752080494 0.025831446346021372
0.004047238767799183 -0.0015893308319102507 -0.005284915233088044 -0.0015893308319102507 0.023949223234862496 0.00046275143806052363 -0.005284915233088044 0.00046275143806052363 0.021322374297776867
0.0009805923330330143 -0.0036460038899570227 -0.009732470721114187 -0.0036460038899570227 0.022211150869289934 -0.0005013140578989006 -0.009732470721114187 -0.0005013140578989006 0.0149016980946871
0.011528387016444316 -0.005021403997525801 -0.006069021836468375 -0.005021403997525801 0.018326425999381057 -0.0028894420150326746 -0.006069021836468375 -0.0028894420150326746 0.011734054322248992
0.02315685321294537 -0.004690867256053999 0.0001689410011966991 -0.004690867256053999 0.013020393141143425 -0.005236252879482473 0.0001689410011966991 -0.005236252879482473 0.009705844150273405
0.026520064557420963 -0.001719709213268573 0.003253950588266857 -0.001719709213268573 0.011242839998117286 -0.0052582886622472595 0.003253950588266857 -0.0052582886622472595 0.007991643882696027
0.025152009710773783 0.0020190285958235944 0.0006610734829436052 0.0020190285958235944 0.010434861296741768 -0.0022246959016282717 0.0006610734829436052 -0.0022246959016282717 0.005111383443815348
0.02454418936951174 0.003987558522811219 -0.004222606872302278 0.003987558522811219 0.009947319603070858 0.0016251389789030295 -0.004222606872302278 0.0016251389789030295 0.00026718386602304044
0.02604537707036285 0.003758937276626555 -0.003977458789044024 0.003758937276626555 0.011257530519960477 0.0022366319506258643 -0.003977458789044024 0.0022366319506258643 0.0021797061784834984
0.024052975045380034 0.0025442147517176807 -4.5907880759972583e-05 0.0025442147517176807 0.009771033340952565 0.0005279406287396847 -4.5907880759972583e-05 0.0005279406287396847 0.007871365235104899
0.017423877063639993 -0.0007143266246251735 0.00283067992765991 -0.0007143266246251735 0.005558526202417481 0.0005407948353524771 0.00283067992765991 0.0005407948353524771 0.008349725352623813
0.012710055867206008 -0.0035642878622042713 0.0043272768404350155 -0.0035642878622042713 0.009452432648478355 0.002898623591184669 0.0043272768404350155 0.002898623591184669 0.0069963610278198215
0.013857752886205324 -0.002627767094700831 0.003490835252988315 -0.002627767094700831 0.01921336625566373 0.006098402880154758 0.003490835252988315 0.006098402880154758 0.008145894362049535
0.01711262163208738 -0.00021209440911107333 0.0013423464334215984 -0.00021209440911107333 0.022366319506258645 0.01048444180796254 0.0013423464334215984 0.01048444180796254 0.0069688162993638385
0.019685299269876246 0.0019152767853060563 -0.0008658226311330829 0.0019152767853060563 0.02118556881311215 0.010205321892941906 -0.0008658226311330829 0.010205321892941906 0.0034568634212259358
0.019659590856650658 0.0017812257734869364 -0.0014626250810127266 0.0017812257734869364 0.02100101913245706 0.005454774391899943 -0.0014626250810127266 0.005454774391899943 0.00393430538112965
0.012733009807585996 -0.0010219094257169898 -0.0023486471796801975 -0.0010219094257169898 0.019622864552042683 0.003520216296674698 -0.0023486471796801975 0.003520216296674698 0.012025110286267219
0.0039012517069824705 -0.003764446222317752 -0.0015048603313119013 -0.003764446222317752 0.017053859544714615 0.0038838067122936807 -0.0015048603313119013 0.0038838067122936807 0.018741433241451208
0.0006904545266299876 -0.004173026361081508 0.0033549479259387966 -0.004173026361081508 0.016978570620268262 0.005758684562530961 0.0033549479259387966 0.005758684562530961 0.021347164553387254
0.0017656170940285457 -0.002953713048096636 0.006220517842976284 -0.002953713048096636 0.016112747989135177 0.00643077593685696 0.006220517842976284 0.00643077593685696 0.016000732760080846
0.009098941966626566 -0.002573595795404063 0.0033117945180244223 -0.002573595795404063 0.015683968382837032 0.0025267697570288913 0.0033117945180244223 0.0025267697570288913 0.012017765025345623
0.017120885050624174 -0.0013267377539632078 0.00020015836011348046 -0.0013267377539632078 0.018164830259105952 -0.00041317092683975325 0.00020015836011348046 -0.00041317092683975325 0.017127312153930572
0.021736463382231817 0.0002928922792486251 -0.001103625453469741 0.0002928922792486251 0.020604375042690897 -0.00014323258797111448 -0.001103625453469741 -0.00014323258797111448 0.02305493771765823
0.02242599975124661 -0.0014194716730983525 -0.0015406684783046797 -0.0014194716730983525 0.020527249803014142 0.0005940479770340452 -0.0015406684783046797 0.0005940479770340452 0.02634469645291787
0.020136114658939178 -0.003677221248873804 -0.0017977526105605263 -0.003677221248873804 0.01994238340213209 0.0022127598526306786 -0.0017977526105605263 0.0022127598526306786 0.026346532768148266
0.015465446870419565 -0.003940732484436047 0.00035808146992778614 -0.003940732484436047 0.019922183934597704 0.005112301601430547 0.00035808146992778614 0.005112301601430547 0.022482925523388975
0.014259905921662685 -0.0025120792351857 0.005508027533581511 -0.0025120792351857 0.017134657414852168 0.006895363690147882 0.005508027533581511 0.006895363690147882 0.01919408494574454
0.019058197618695018 0.0001009973376719397 0.006828338184238321 0.0001009973376719397 0.014170844632988337 0.006073612624544373 0.006828338184238321 0.006073612624544373 0.02115526961181057
0.01974406135724901 0.00018454968065508977 0.007366378546745201 0.00018454968065508977 0.013475799318282354 0.0038039269997713287 0.007366378546745201 0.0038039269997713287 0.02049144165602136
0.015091756721033387 -0.0022164324830914765 0.007963180996624845 -0.0022164324830914765 0.01626057136518229 -0.00040949829637895545 0.007963180996624845 -0.00040949829637895545 0.015861172802570527
0.012594368007690877 -0.0037497557004745607 0.0071184759906413484 -0.0037497557004745607 0.01945575986607638 -0.003288840577644436 0.0071184759906413484 -0.003288840577644436 0.015227644048082906
0.015948397776014474 -0.0029463677871750405 0.005734812464535775 -0.0029463677871750405 0.01926937387019089 -0.0026149128880880385 0.005734812464535775 -0.0026149128880880385 0.01918582152720774
0.02252240630084255 -0.0003250277957806059 0.004240051866991068 -0.0003250277957806059 0.01662507993841647 -0.002784772046899937 0.004240051866991068 -0.002784772046899937 0.020216912529076727
0.025764420840111813 0.0028472067647335 0.003017984081160598 0.0028472067647335 0.01539291241881881 -0.0035137891933683016 0.003017984081160598 -0.0035137891933683016 0.01630372477309666
0.025120792351856998 0.004060092974411975 0.002441381098815342 0.004060092974411975 0.01602552301569123 -0.0012431854109800577 0.002441381098815342 -0.0012431854109800577 0.012750454802274786
0.025258515994136917 0.0025478873821784785 0.002257749575775452 0.0025478873821784785 0.016437775784915783 0.0027003015463015877 0.002257749575775452 0.0027003015463015877 0.011847905866533724
0.028044206198652052 0.0009548839198074298 0.002254076945314654 0.0009548839198074298 0.015317623494372453 0.003876461451372085 0.002254076945314654 0.003876461451372085 0.010670827803848027
0.028569392354546138 -0.0001900586263462865 0.0025010613438033063 -0.0001900586263462865 0.01609438483683119 0.0006776003200171954 0.0025010613438033063 0.0006776003200171954 0.012557641703082902
0.024725066419706034 -0.0016435021312070186 0.002756309160828754 -0.0016435021312070186 0.0142351156660523 -0.0044989723144773135 0.002756309160828754 -0.0044989723144773135 0.014022103099326026
0.020709963168438834 -0.001319392493041612 0.0036937480859473943 -0.001319392493041612 0.012047146069032007 -0.008177111720966317 0.0036937480859473943 -0.008177111720966317 0.012886342129324305
0.01884059426389275 -0.0008915310443586677 0.004652304636215622 -0.0008915310443586677 0.012764227166502778 -0.0070771588979573734 0.004652304636215622 -0.0070771588979573734 0.013282068061475267
0.019537475893829134 -0.0027407004813703633 0.002587368159632055 -0.0027407004813703633 0.01721086449691372 -0.004071110865794369 0.002587368159632055 -0.004071110865794369 0.015015549638971833
0.019655918226189863 -0.004106919012787148 -0.0009328481370426429 -0.004106919012787148 0.02291354144491752 -0.0011651420136881043 -0.0009328481370426429 -0.0011651420136881043 0.01805006055720602
0.017358687872960833 -0.0033163853061004196 -0.002142061716260321 -0.0033163853061004196 0.023521361786179553 0.0023973095332857682 -0.002142061716260321 0.0023973095332857682 0.021855823872207747
0.019030652890239037 -0.002053000427585974 0.0001772044197334942 -0.002053000427585974 0.02044461561764619 0.0056136156593294476 0.0001772044197334942 0.0056136156593294476 0.02334415736644606
0.023000766418361466 -0.001784898403947734 0.0015241416412310898 -0.001784898403947734 0.021243412742869713 0.005754093774454963 0.0015241416412310898 0.005754093774454963 0.022025683031019646
0.024705785109786847 -0.0030335927606189887 0.000607820341262037 -0.0030335927606189887 0.023117372435491796 0.003694666243562594 0.000607820341262037 0.003694666243562594 0.017797567213026173
0.028561128936009345 -0.0033044492571028265 -0.002339465603528203 -0.0033044492571028265 0.024073174512914422 3.764446222317752e-05 -0.002339465603528203 3.764446222317752e-05 0.017561600705919913
0.032552360089281356 -0.002046573324279578 -0.002697547073455989 -0.002046573324279578 0.027000260990170277 -0.0028701607051134863 -0.002697547073455989 -0.0028701607051134863 0.02166851971870706
0.030666464347661685 -0.0006757640047867964 -0.0018326425999381055 -0.0006757640047867964 0.028632745229994903 -0.005387748885990383 -0.0018326425999381055 -0.005387748885990383 0.021274630101786495
0.025690050073280662 0.00043612486721973957 -0.0013763182651839781 0.00043612486721973957 0.02769989709295226 -0.007240590953462876 -0.0013763182651839781 -0.007240590953462876 0.017796649055410972
0.020837587076951554 0.001974038872678821 0.0014607887657823275 0.001974038872678821 0.025187817857766557 -0.0069605528808270424 0.0014607887657823275 -0.0069605528808270424 0.017156693197616955
0.016952862207042677 0.0016480929192830157 0.004900207192319474 0.0016480929192830157 0.02212025326538519 -0.005666868801011016 0.004900207192319474 -0.005666868801011016 0.018391615190060218
0.017829702729558153 -0.00026718386602304044 0.00559249803417986 -0.00026718386602304044 0.020339027491898254 -0.0011440243885385167 0.00559249803417986 -0.0011440243885385167 0.021842969665594958
0.01711262163208738 0.0001726136316574969 0.003948995902972842 0.0001726136316574969 0.01763413515752067 0.0023504834949105964 0.003948995902972842 0.0023504834949105964 0.023307431061838083
0.012426345164109379 0.0015443411087654778 0.0006105748141076354 0.0015443411087654778 0.013795318168371762 0.0028104804601255216 0.0006105748141076354 0.0028104804601255216 0.021024891230452245
0.005564035148108677 0.0006987179451667827 -0.0001349691694343194 0.0006987179451667827 0.008626090794798848 0.002503815816648905 -0.0001349691694343194 0.002503815816648905 0.01606041300506881
0.003970113528122429 -0.0008437868483682961 0.0018372333880141028 -0.0008437868483682961 0.006439039355393754 0.0017316452622661658 0.0018372333880141028 0.0017316452622661658 0.014338867476569836
0.011429225994002775 -0.004334622101356611 0.0015553590001478712 -0.004334622101356611 0.008697707088784406 0.001739908680802961 0.0015553590001478712 0.001739908680802961 0.015380058212206015
0.01738715075903202 -0.009707680465503804 -0.0018124431324037177 -0.009707680465503804 0.01001526326659562 0.0016159574027510351 -0.0018124431324037177 0.0016159574027510351 0.014155235953529946
0.019621946394427485 -0.010910466941415084 -0.004218016084226281 -0.010910466941415084 0.01101697322477822 0.0015783129405278575 -0.004218016084226281 0.0015783129405278575 0.012217923385459104
