0.004903879822780272 7.620708206155449e-05 -0.0005059048459748978 7.620708206155449e-05 0.00728466251899245 -0.0001028336529023386 -0.0005059048459748978 -0.0001028336529023386 0.005499764115044716
0.006441793828239353 -0.0005141682645116929 -0.0019464941442228377 -0.0005141682645116929 0.008489285310134131 -0.00035165436662139 -0.0019464941442228377 -0.00035165436662139 0.005312459961544027
-0.003988476680426418 -0.000524267998278887 -0.002583695529171257 -0.000524267998278887 -0.005171063688803312 -0.0017408268384181606 -0.002583695529171257 -0.0017408268384181606 -0.0018868138992348734
-0.0017702078821045428 -0.0003764446222317752 0.0019988291282892062 -0.0003764446222317752 -0.004314422633822224 0.0010026281157978012 0.0019988291282892062 0.0010026281157978012 -0.0029463677871750405
0.006729177161796781 0.0007721705543827389 0.0014727248147799205 0.0007721705543827389 0.007344342763980414 0.0005628306181172639 0.0014727248147799205 0.0005628306181172639 0.004509072048244508
-0.010756216462061577 0.00027269281171423716 -0.0021558340804883123 0.00027269281171423716 -0.00962871891059665 -0.0013441827486519974 -0.0021558340804883123 -0.0013441827486519974 -0.0064243488335505635
-0.005632896969248636 0.00037552646461657573 0.0016297297669790268 0.00037552646461657573 -0.0005297769439700837 0.00339993764908357 0.0016297297669790268 0.00339993764908357 -0.004585279130306061
0.004857053784405099 0.0014258987764047483 -0.0009851831211090116 0.0014258987764047483 -0.000977837860187416 0.0025295242298744892 -0.0009851831211090116 0.0025295242298744892 0.005631978811633437
0.0008566410549810885 -0.0022448953691626594 0.0019749570302940206 -0.0022448953691626594 0.003091436690376554 -0.0011330064971561233 0.0019749570302940206 -0.0011330064971561233 0.005281242602627246
0.0001955675720374832 -0.0015599497882238685 -0.0009952828548762055 -0.0015599497882238685 -0.00019740388726788213 0.00014782337604711171 -0.0009952828548762055 0.00014782337604711171 0.003688239140256198
0.00012486943566712542 -0.002029128329590788 0.0010430270508665772 -0.002029128329590788 0.0041950621438462945 0.00041867987253095003 0.0010430270508665772 0.00041867987253095003 -0.0020594275308923704
-0.00443745575425895 0.002266931151927446 -0.0015985124080622455 0.002266931151927446 -0.001974038872678821 0.0005123319492812941 -0.0015985124080622455 0.0005123319492812941 -0.0066199164055880475
0.0016958371152733874 0.002886687542187076 -0.000998037327721804 0.002886687542187076 0.0005049866883596985 0.0006528100644068102 -0.000998037327721804 0.0006528100644068102 0.002136552770569124
-0.005139846329886531 -0.0007767613424587361 -7.620708206155449e-05 -0.0007767613424587361 -0.0069926883973590245 -0.00045081538906293077 -7.620708206155449e-05 -0.00045081538906293077 -0.004205161877613489
0.006243471783356272 0.0005857845584972502 0.002697547073455989 0.0005857845584972502 0.008321262466552631 0.0007951244947627252 0.002697547073455989 0.0007951244947627252 0.005353777054228003
0.001955675720374832 -0.0007639071358459438 -0.0018647781164700865 -0.0007639071358459438 0.007555519015476288 -0.0010439452084817764 -0.0018647781164700865 -0.0010439452084817764 0.0012229859434456697
0.008019188611152011 0.0013570369552647896 -0.0024377084683545446 0.0013570369552647896 0.012270258369525472 0.0005233498406636874 -0.0024377084683545446 0.0005233498406636874 0.012317084407900645
-0.0010898530892417492 -0.0027957899382823307 -0.002284376146616236 -0.0027957899382823307 -0.0016352387126702236 -0.0006225108631052283 -0.002284376146616236 -0.0006225108631052283 0.0016288116093638272
0.004164762942544713 -0.001103625453469741 0.0014157990426375546 -0.001103625453469741 0.0011614693832273063 0.0004866235360557094 0.0014157990426375546 0.0004866235360557094 0.004982841377687425
0.008245973542106275 -0.0005839482432668513 0.0013249014387328088 -0.0005839482432668513 0.009052115928251395 -0.0008502139516746922 0.0013249014387328088 -0.0008502139516746922 0.008669244202713223
-0.008442459271758958 -0.0018363152303989036 -0.0018996681058476657 -0.0018363152303989036 -0.003026247499697393 -0.001644420288822218 -0.0018996681058476657 -0.001644420288822218 -0.007496756928103524
0.0066630698135024214 0.0018959954753868678 -0.00045356986190852916 0.0018959954753868678 0.005840400590283712 0.002605731311936044 -0.00045356986190852916 0.002605731311936044 0.00808805043229197
0.005724712730768581 -0.0021429798738755203 -0.0005977206074948431 -0.0021429798738755203 0.001234003834828063 -0.0009346844522730419 -0.0005977206074948431 -0.0009346844522730419 -0.0010623083607857655
-0.0036900754554865965 0.0022816216737706375 0.0003066646434766169 0.0022816216737706375 -0.004415419971494163 -0.0026516391926960166 0.0003066646434766169 -0.0026516391926960166 -0.0012909296069704291
0.005913853199499669 -0.0002111762514958739 0.0020906448898091517 -0.0002111762514958739 0.010401807622594588 0.0014011085207943632 0.0020906448898091517 0.0014011085207943632 0.008060505703835987
0.003661612569415413 -0.0006812729504779932 -0.0024505626749673367 -0.0006812729504779932 0.00022494861572386565 0.00028003807263583276 -0.0024505626749673367 0.00028003807263583276 -0.0021962330155570887
-0.003926960120208055 0.002044737009049179 0.0007179992550859712 0.002044737009049179 0.0015461774239958767 -0.002412918212744159 0.0007179992550859712 -0.002412918212744159 -0.0033163853061004196
0.0036395767866506264 0.0017940799800997284 -0.002101662781191545 0.0017940799800997284 -0.0025956315781688498 0.002484534506729716 -0.002101662781191545 0.002484534506729716 0.005569544093799874
0.0025129973928008993 -0.00254513290933288 0.0029344317381774475 -0.00254513290933288 0.004024284827419197 -0.0016132029299054365 0.0029344317381774475 -0.0016132029299054365 0.005322559695311222
0.008905210709819483 -0.002046573324279578 -0.00028003807263583276 -0.002046573324279578 0.010837932489814328 0.00011109707143913366 -0.00028003807263583276 0.00011109707143913366 0.011182241595514121
-0.006820992923316727 -0.0020401462209731817 -0.002113598830189138 -0.0020401462209731817 -0.003987558522811219 -0.0006785184776323948 -0.002113598830189138 -0.0006785184776323948 -0.008259745906334267
0.005123319492812941 0.0028141530905863195 4.4071565529573677e-05 0.0028141530905863195 0.002723255486681574 0.0013965177327183661 4.4071565529573677e-05 0.0013965177327183661 0.0034550271059955364
0.0022329593201650664 -0.0008970399900498642 -0.00032594595339580535 -0.0008970399900498642 0.004563243347541275 -0.0008575592125962879 -0.00032594595339580535 -0.0008575592125962879 0.003688239140256198
-0.006046986053703588 -0.0005123319492812941 -0.0015617861034542674 -0.0005123319492812941 -0.00299778461362621 0.0004214343453765483 -0.0015617861034542674 0.0004214343453765483 0.0018344789151685044
-0.0025515600126392764 -0.001436916667787142 0.0011862596388376916 -0.001436916667787142 -0.003800254369310531 0.003077664326148562 0.0011862596388376916 0.003077664326148562 0.003437582111306747
0.006510655649379311 -0.001632484239824625 0.0019226220462276518 -0.001632484239824625 0.007000951815895819 0.0009163212999690527 0.0019226220462276518 0.0009163212999690527 0.009926201977921273
-0.00962780075298145 -0.0021631793414099085 -0.002036473590512384 -0.0021631793414099085 -0.010073107196353185 -0.0008731678920546786 -0.002036473590512384 -0.0008731678920546786 -0.004398893134420573
0.003235587435962868 -0.0005720121942692583 0.003052874070538177 -0.0005720121942692583 -0.002211841695015479 0.003051037755307778 0.003052874070538177 0.003051037755307778 0.0035642878622042713
-0.006626343508894442 -0.0021163533030347363 0.0031162269459869387 -0.0021163533030347363 -2.66265708407841e-05 -0.0015718858372214613 0.0031162269459869387 -0.0015718858372214613 -0.007641825831305037
-0.005253697874171262 0.003870034348065689 -0.0024753529305777218 0.003870034348065689 -0.009534148676231107 0.002912395955412661 -0.0024753529305777218 0.002912395955412661 -0.009531394203385508
-0.001073326252168159 0.00288026043888068 0.002034637275281985 0.00288026043888068 -0.006039640792781993 -0.0007877792338411295 0.002034637275281985 -0.0007877792338411295 -0.005460283337591139
0.011873614279759309 0.0011375972852321206 0.002120944091110733 0.0011375972852321206 0.008808804160223541 -0.0010457815237121754 0.002120944091110733 -0.0010457815237121754 0.010411907356361784
-0.0043254405252046175 -0.002171442759946703 -0.00045816064998452637 -0.002171442759946703 0.0007152447822403728 -0.002314675347917818 -0.00045816064998452637 -0.002314675347917818 -0.0062765254575034525
-0.009689317313199814 0.0038222901520753175 -0.0020906448898091517 0.0038222901520753175 -0.011148269763751743 0.0019015044210780644 -0.0020906448898091517 0.0019015044210780644 -0.010541367580104904
0.005214217096717686 0.002044737009049179 0.0029849304070134175 0.002044737009049179 -0.002098908308345947 0.0013083746016592187 0.0029849304070134175 0.0013083746016592187 -0.0011431062309233172
-0.006489538024229724 0.0016425839735918191 0.002459744251119331 0.0016425839735918191 -0.007993480197926426 -0.0024285268922025495 0.002459744251119331 -0.0024285268922025495 -0.004850626681098704
0.003144689832058122 0.0003002375401702207 0.002548805539793678 0.0003002375401702207 0.0013928451022575683 0.0023449745492193997 0.002548805539793678 0.0023449745492193997 -0.004523762570087699
-0.0017490902569549554 0.0034807355192211214 -0.0006133292869532338 0.0034807355192211214 -0.0011734054322248993 -0.00204290069381878 -0.0006133292869532338 -0.00204290069381878 -0.004803800642723531
0.005030585573677796 0.002185215124174695 -0.0005187590525876902 0.002185215124174695 0.008929082807814669 2.1117625149587388e-05 -0.0005187590525876902 2.1117625149587388e-05 0.004365839460273392
0.0070395144357341954 0.00014139627274071558 -0.0021494069771819165 0.00014139627274071558 0.005505273060735913 -0.000524267998278887 -0.0021494069771819165 -0.000524267998278887 0.002002501758750004
-0.007252527002460469 0.0009484568165010335 -0.0009677381264202222 0.0009484568165010335 -0.0076592708259938256 -0.002615831045703238 -0.0009677381264202222 -0.002615831045703238 -0.004590788075997259
0.008118349633593551 -0.00028187438786623164 0.0017913255072541303 -0.00028187438786623164 0.0021090080421131406 0.002354156125371394 0.0017913255072541303 0.002354156125371394 0.0035596970741282744
-0.006048822368933988 6.702550590955998e-05 0.0011541241223057108 6.702550590955998e-05 -0.0024992250285729074 -0.003038183548694986 0.0011541241223057108 -0.003038183548694986 -0.0006858637385539904
0.007970526257546441 -0.0008281781689099054 -8.263418536795066e-06 -0.0008281781689099054 0.009906920668002084 0.0031804979790509007 -8.263418536795066e-06 0.0031804979790509007 0.00813671278589754
0.002125534879186731 -0.0016141210875206362 -0.002255913260545053 -0.0016141210875206362 0.005924871090882061 -0.0009989554853370034 -0.002255913260545053 -0.0009989554853370034 0.005839482432668513
-0.006057085787470782 -0.0023826190114425772 -0.0018693689045460838 -0.0023826190114425772 -0.0029812577765526197 0.0010503723117881727 -0.0018693689045460838 0.0010503723117881727 -0.0019538394051444334
0.0004618332804453242 -0.0004296977639133434 -0.00039388961692056473 -0.0004296977639133434 -0.0023973095332857682 0.003012475135469401 -0.00039388961692056473 0.003012475135469401 -0.00559249803417986
0.007445340101652354 0.0031070453698349445 0.0004866235360557094 0.0031070453698349445 -0.0008033879132995201 -0.0011642238560729049 0.0004866235360557094 -0.0011642238560729049 0.005865190845894098
0.0014543616624759315 -0.0012734846122816395 0.0029931938255502123 -0.0012734846122816395 0.005740321410226973 -0.00224397721154746 0.0029931938255502123 -0.00224397721154746 0.0039802132618896235
0.0002111762514958739 -0.0014139627274071557 -0.0018427423337052996 -0.0014139627274071557 0.00199332018259801 0.0007923700219171269 -0.0018427423337052996 0.0007923700219171269 -1.3772364227991774e-05
0.0008621500006722851 0.0003589996275429856 -0.0008851039410522714 0.0003589996275429856 0.007526137971789906 0.0006656642710196024 -0.0008851039410522714 0.0006656642710196024 0.006833847129929519
0.00360101416681225 -0.0015728039948366608 -0.0018271336542469087 -0.0015728039948366608 0.01033202764383943 0.0025341150179504866 -0.0018271336542469087 0.0025341150179504866 0.00982704095547973
-0.0006996361027819822 -0.002759063633674352 -0.00269571075822559 -0.002759063633674352 -0.002385373484288175 0.001478233760471117 -0.00269571075822559 0.001478233760471117 0.004476936531712526
-0.003532152345672291 -0.0017977526105605263 0.0020015836011348046 -0.0017977526105605263 0.0004774419599037149 0.0003094191163222152 0.0020015836011348046 0.0003094191163222152 0.004583442815075663
-0.006224190473437083 -0.002769163367441546 -0.00029564675209422343 -0.002769163367441546 -0.0019969928130588073 0.002598386051014448 -0.00029564675209422343 0.002598386051014448 -0.003526643399981094
-0.005716449312231787 0.00033237305670220154 -0.0006546463796372091 0.00033237305670220154 -0.00527481549932085 0.0030850095870701573 -0.0006546463796372091 0.0030850095870701573 -0.00559433434941026
0.003807599630232126 0.0009558020774226292 0.0012092135792176777 0.0009558020774226292 -0.0033081218875636244 0.001999747285904406 0.0012092135792176777 0.001999747285904406 0.0004884598512861083
-0.004841445104946708 1.744499468878958e-05 0.003156625881055715 1.744499468878958e-05 0.00010558812574793694 -0.0013533643248039918 0.003156625881055715 -0.0013533643248039918 -0.0031070453698349445
-0.0048047188003387305 0.0006124111293380343 -0.0011899322692984894 0.0006124111293380343 0.0012064591063720796 0.0025598234311760715 -0.0011899322692984894 0.0025598234311760715 -0.0001579231098143057
0.0018959954753868678 -0.00017812257734869363 -0.001485579021392713 -0.00017812257734869363 0.004263005807371054 0.003597341536351452 -0.001485579021392713 0.003597341536351452 -0.0010870986163961508
-0.012627421681838058 0.002101662781191545 -0.001932721779994846 0.002101662781191545 -0.014342540107030635 -8.997944628954627e-05 -0.001932721779994846 -8.997944628954627e-05 -0.013962422854338062
0.006651133764504828 0.0031492806201341194 0.0036662033574914104 0.0031492806201341194 0.009749915715802977 0.0015562771577630704 0.0036662033574914104 0.0015562771577630704 0.00440348392249657
-0.0009640654959594242 0.0010724080945529596 -0.0027902809925911334 0.0010724080945529596 -0.0064243488335505635 -0.0011091343991609377 -0.0027902809925911334 -0.0011091343991609377 -0.006052494999394786
0.004098655594250353 0.0021457343467211187 0.002339465603528203 0.0021457343467211187 0.0005150864221268924 -0.0018620236436244879 0.002339465603528203 -0.0018620236436244879 0.0026378668284680246
-0.003961850109585634 -2.0199467534387938e-05 0.0007308534616987636 -2.0199467534387938e-05 0.00371762018394258 -0.0014773156028559178 0.0007308534616987636 -0.0014773156028559178 -0.003556024443667476
-0.00029748306732462236 0.002274276412849042 -0.002185215124174695 0.002274276412849042 -0.0008465413212138945 0.0020383099057427827 -0.002185215124174695 0.0020383099057427827 0.001103625453469741
0.010581766515173681 -0.00043979749768053737 0.000721671885546769 -0.00043979749768053737 0.008347889037393415 0.0006215927054900288 0.000721671885546769 0.0006215927054900288 0.006383031740866588
-0.00855814713127409 0.00015425047935350788 -0.0009484568165010335 0.00015425047935350788 -0.009203611934759303 -0.002835270715735907 -0.0009484568165010335 -0.002835270715735907 -0.007000951815895819
0.007498593243333922 0.00015516863696870734 0.0024386266259697436 0.00015516863696870734 0.003059301173844573 0.0016407476583614202 0.0024386266259697436 0.0016407476583614202 0.006877000537843894
0.0038030088421561288 -0.0015140419074638957 0.000626183493566026 -0.0015140419074638957 0.004255660546449459 -0.0022246959016282717 0.000626183493566026 -0.0022246959016282717 0.008131203840206346
0.007478393775799534 -0.0020015836011348046 -0.0004526517042933297 -0.0020015836011348046 -0.00028003807263583276 0.0006151656021836327 -0.0004526517042933297 0.0006151656021836327 0.0069724889298246355
-0.0018170339204797148 -0.0015498500544566746 0.00292984095010145 -0.0015498500544566746 0.006373850164714593 -0.0024101637398985607 0.00292984095010145 -0.0024101637398985607 0.004163844784929514
-0.004761565392424357 -0.0012018683182960822 -0.002433117680278547 -0.0012018683182960822 0.0003213551653198081 0.003588159960199457 -0.002433117680278547 0.003588159960199457 -9.365207675034407e-05
0.010804878815667147 -0.0013322466996544043 -0.0010320091594841839 -0.0013322466996544043 0.01135577338478682 0.0030896003751461547 -0.0010320091594841839 0.0030896003751461547 0.012614567475225267
-0.00010926075620873476 -0.002325693239300211 -0.002506570289494503 -0.002325693239300211 0.0076060176843122575 -0.0013386738029608006 -0.002506570289494503 -0.0013386738029608006 0.004421847074800559
-0.007172647289938117 -0.0007997152828387224 -0.002833434400505508 -0.0007997152828387224 -0.008089886747522368 0.002918823058719057 -0.002833434400505508 0.002918823058719057 -0.010979328762555043
0.007734559750440182 0.0036166228462706403 0.0011072980839305388 0.0036166228462706403 0.00010926075620873476 0.000750134771617952 0.0011072980839305388 0.000750134771617952 0.005244516298019268
-0.0037341470210161703 -0.0012119680520632763 0.002069527264659564 -0.0012119680520632763 0.0035899962754298563 -0.0028178257210471173 0.002069527264659564 -0.0028178257210471173 -0.003052874070538177
-0.0033218942517916164 0.0014084537817159587 -0.0027048923343775846 0.0014084537817159587 -0.0029280046348710517 0.0023982276909009677 -0.0027048923343775846 0.0023982276909009677 0.0032126334955828815
0.004144563475010325 -0.001929049149534048 0.0018482512793964961 -0.001929049149534048 0.0018390697032445017 0.0022366319506258643 0.0018482512793964961 0.0022366319506258643 0.005083838715359364
0.003521134454289897 -0.0012688938242056422 -0.000380117252692573 -0.0012688938242056422 0.0025175881808768962 -0.0007207537279315695 -0.000380117252692573 -0.0007207537279315695 0.006058922102701181
-0.00761979004854025 -0.001386417998951172 -0.0005178408949724907 -0.001386417998951172 -0.005020485839910602 -5.14168264511693e-05 -0.0005178408949724907 -5.14168264511693e-05 -0.0047634017076547555
0.012147225249088745 0.001009973376719397 0.0005160045797420919 0.001009973376719397 0.010569830466176088 0.0020254556991299902 0.0005160045797420919 0.0020254556991299902 0.007165302029016521
-0.008584773702114874 -0.0011082162415457382 -0.0026185855185488363 -0.0011082162415457382 -0.00951119473585112 -0.0027875265197455355 -0.0026185855185488363 -0.0027875265197455355 -0.0038957427612912733
0.005327150483387218 -0.0007629889782307444 0.003155707723440515 -0.0007629889782307444 0.006115847874843548 0.00304736512484698 0.003155707723440515 0.00304736512484698 0.00924217455459768
0.003811272260692924 -0.001851923909857294 -0.0007767613424587361 -0.001851923909857294 0.0027820175740543387 8.630681582874845e-05 -0.0007767613424587361 8.630681582874845e-05 -0.00025800228987104596
-0.0034788992039907225 0.0015636224186846663 -0.0009815104906482138 0.0015636224186846663 0.0015672950491454642 -0.0012367583076736614 -0.0009815104906482138 -0.0012367583076736614 0.005519963582579104
-0.003488080780142717 -0.0022366319506258643 -0.00026902018125343936 -0.0022366319506258643 0.0018849775840044745 0.004393384188729376 -0.00026902018125343936 0.004393384188729376 -0.0004774419599037149
-0.009263292179747269 7.528892444635504e-05 -0.0022999848260746264 7.528892444635504e-05 -0.012268422054295075 0.0033338303007892094 -0.0022999848260746264 0.0033338303007892094 -0.011048190583695001
0.005913853199499669 0.0024193453160505553 0.0034036102795443677 0.0024193453160505553 0.006997279185435022 0.0010320091594841839 0.0034036102795443677 0.0010320091594841839 0.0032934313657204334
