0.024296286813407893 -0.0010053825886433996 0.0005380403625068787 -0.0010053825886433996 0.017052941387099417 -0.0016728831748934008 0.0005380403625068787 -0.0016728831748934008 0.016751785689313996
0.01885620294335114 0.0007648252934611432 -0.005366631260840795 0.0007648252934611432 0.023131144799719786 0.004158335839238317 -0.005366631260840795 0.004158335839238317 0.019583383774589107
0.03112829762810701 0.0070340054900429995 -0.001786734719178133 0.0070340054900429995 0.00843878664129816 -0.00497457795915063 -0.001786734719178133 -0.00497457795915063 0.026766130798294412
0.024120918708904794 -0.0042345429212998715 0.0015865763590646525 -0.0042345429212998715 0.0125613143335437 0.0005986387651100426 0.0015865763590646525 0.0005986387651100426 0.02138021822753443
0.019617355606351486 -0.000986101278724211 0.0017518447298005538 -0.000986101278724211 0.01659294442188449 0.0025396239636416833 0.0017518447298005538 0.0025396239636416833 0.020802697087573978
0.024960114769197097 -0.0010779170402441562 0.005019567682295402 -0.0010779170402441562 0.017472539417245563 -0.006152574179451526 0.005019567682295402 -0.006152574179451526 0.015080738829650995
0.010006081690443624 0.006316006234957028 0.0001597594250447046 0.006316006234957028 0.020952356778851485 -0.0037313925481705715 0.0001597594250447046 -0.0037313925481705715 0.022782244905943994
0.02282264384101277 0.007078995213187773 0.004109673485632745 0.007078995213187773 0.0261179115219636 -0.0032860861047988377 0.004109673485632745 -0.0032860861047988377 0.019755079248631402
0.018754287448064 -0.00931103637573764 0.0027122375952991803 -0.00931103637573764 0.03420596195425557 0.009439578441865562 0.0027122375952991803 0.009439578441865562 0.01580883781850416
0.02213494378722838 -0.00033329121431740095 0.004877253251939487 -0.00033329121431740095 0.015971351716394463 0.005968024498796435 0.004877253251939487 0.005968024498796435 0.02908631509190343
0.015083493302496592 0.004747793028196365 0.00035165436662139 0.004747793028196365 0.01785082035470774 -0.0028251709819687126 0.00035165436662139 -0.0028251709819687126 0.022155143254762772
0.021442652945367995 -0.0032851679471836382 0.004401647607266171 -0.0032851679471836382 0.013064464706672997 0.0024762710881929212 0.004401647607266171 0.0024762710881929212 0.021589558163799906
0.01888742030226792 -0.0013138835473504155 -0.005497927799814317 -0.0013138835473504155 0.03429869587339072 0.005454774391899943 -0.005497927799814317 0.005454774391899943 0.02273633702518402
0.021522532657890347 -0.009347762680345617 -0.004179453464387904 -0.009347762680345617 0.0204262524653422 -0.0023918005875945714 -0.004179453464387904 -0.0023918005875945714 0.025783702150031
0.0256202700945255 -0.0032438508544996632 -0.0034660449973779304 -0.0032438508544996632 0.030507623080232183 0.003578978384047463 -0.0034660449973779304 0.003578978384047463 0.025258515994136917
0.028771387029890017 0.007967771784700843 -0.0038599346142984946 0.007967771784700843 0.02275837280794881 -0.0008144058046819136 -0.0038599346142984946 -0.0008144058046819136 0.023368947622056446
0.026046295227978047 -0.003960013794355235 -0.0005857845584972502 -0.003960013794355235 0.022361728718182646 0.0001083425985935353 -0.0005857845584972502 0.0001083425985935353 0.027520856357988364
0.01361535927579267 -0.0016508473921286143 0.0027168283833751776 -0.0016508473921286143 0.031317438096838096 0.009265128494977666 0.0027168283833751776 0.009265128494977666 0.020172840963547153
0.0338331899624846 -0.005381321782683987 -0.004511826521090106 -0.005381321782683987 0.02397676796331848 0.0005251861558940863 -0.004511826521090106 0.0005251861558940863 0.016436857627300586
0.014431601395704983 0.005032421888908195 0.0035624515469738728 0.005032421888908195 0.02106253569267542 0.004253824231219059 0.0035624515469738728 0.004253824231219059 0.02271797387288003
0.018289699694773075 0.0010200731104865908 -0.004012348778421604 0.0010200731104865908 0.03493038831264794 0.0035091984052923048 -0.004012348778421604 0.0035091984052923048 0.019061870249155816
0.018632172485242474 0.008671080517943621 0.002332120342606607 0.008671080517943621 0.023855571158112154 -0.0007244263583923675 0.002332120342606607 -0.0007244263583923675 0.02560649773029751
0.02529432414112969 0.003468799470223529 0.006428939621626561 0.003468799470223529 0.019677954008954647 0.003493589725833914 0.006428939621626561 0.003493589725833914 0.024810455077919583
0.03196841184601451 0.007976035203237636 0.0007161629398555723 0.007976035203237636 0.025017040541339464 -0.0002928922792486251 0.0007161629398555723 -0.0002928922792486251 0.01848434910919536
0.020420743519651004 0.0015425047935350787 -0.0021053354116523427 0.0015425047935350787 0.021004691762917856 -0.002548805539793678 -0.0021053354116523427 -0.002548805539793678 0.01483742706162314
0.008619663691492453 0.004568752293232472 0.0012220677858304702 0.004568752293232472 0.02772744182140824 -0.0005867027161124496 0.0012220677858304702 -0.0005867027161124496 0.018295208640464276
0.032179588097510384 0.0034889989377579166 -0.004412665498648565 0.0034889989377579166 0.026428248795901017 -0.0007896155490715285 -0.004412665498648565 -0.0007896155490715285 0.031271530216078126
0.01655070917158532 0.0030905185327613546 0.0031667256148229087 0.0030905185327613546 0.01968162663941545 0.0018629418012396876 0.0031667256148229087 0.0018629418012396876 0.014998104644283045
0.033085809663712246 -0.00036818120369498013 0.00043061592152854284 -0.00036818120369498013 0.031115443421494218 0.0008795949953610747 0.00043061592152854284 0.0008795949953610747 0.030500277819310587
0.019868930792916135 -0.0013019474983528225 -0.00011936048997592872 -0.0013019474983528225 0.02647966562235219 0.005445592815747948 -0.00011936048997592872 0.005445592815747948 0.012265667581449475
0.03175723559451864 -0.005104956340508952 -0.007831884457651322 -0.005104956340508952 0.018498121473423355 0.0018611054860092886 -0.007831884457651322 0.0018611054860092886 0.017075895327479402
0.025309014662972886 -0.0010595538879401673 0.0008125694894515148 -0.0010595538879401673 0.022604122328595305 -0.008797786268841146 0.0008125694894515148 -0.008797786268841146 0.029592219937878327
0.019851485798227344 -0.002613994730472839 -0.0025827773715560577 -0.002613994730472839 0.01379807264121736 -0.0029904393527046143 -0.0025827773715560577 -0.0029904393527046143 0.0011678964865337025
0.01768371566874144 0.00560994302886865 -0.01076815251105917 0.00560994302886865 0.030214730800983556 -0.003468799470223529 -0.01076815251105917 -0.003468799470223529 0.018169421047181947
0.029810741450295795 -0.0038167812063841203 -0.00044897907383253184 -0.0038167812063841203 0.01617793717981434 -7.620708206155449e-05 -0.00044897907383253184 -7.620708206155449e-05 0.024218243416115934
0.035971579048284116 0.009384488984953596 -0.0028674062322678875 0.009384488984953596 0.01704743244140822 -0.0002341301918758602 -0.0028674062322678875 -0.0002341301918758602 0.013708093194927813
0.011663356185878635 0.00505629398690338 0.0021034990964219438 0.00505629398690338 0.03358987819445674 -0.0013542824824191912 0.0021034990964219438 -0.0013542824824191912 0.033061019408101855
0.0202646567250671 -0.0016499292345134146 -0.0039976582565784125 -0.0016499292345134146 0.00845714979360215 -0.000560994302886865 -0.0039976582565784125 -0.000560994302886865 0.031228376808163753
0.012490616197173341 0.0038856430275240796 0.0023936369028249704 0.0038856430275240796 0.023898724566026527 0.0004563243347541275 0.0023936369028249704 0.0004563243347541275 0.022506797621384158
0.01560684314316028 -0.006553809057293686 0.0038957427612912733 -0.006553809057293686 0.017492738884779955 -0.01294602237431227 0.0038957427612912733 -0.01294602237431227 0.01801608872544364
0.015620615507388271 0.0023789463809817794 0.00405182955587518 0.0023789463809817794 0.03086019560446877 0.0024441355716609404 0.00405182955587518 0.0024441355716609404 0.024895843736133134
0.023568187824554727 0.00976185176480057 0.003068482749996568 0.00976185176480057 0.013583223759260687 0.0009154031423538533 0.003068482749996568 0.0009154031423538533 0.0283067992765991
0.02767694315257227 -0.005799083497599737 0.0022246959016282717 -0.005799083497599737 0.02610597547296601 -0.002679183921152 0.0022246959016282717 -0.002679183921152 0.0316470566806947
0.026120665994809198 -0.00018546783827028926 0.0042446426550670656 -0.00018546783827028926 0.03238525540331506 -0.006854046597463906 0.0042446426550670656 -0.006854046597463906 0.010741525940218386
0.020355554328971844 0.005976287917333231 0.00027728359979023443 0.005976287917333231 0.017390823389492813 -0.006534527747374497 0.00027728359979023443 -0.006534527747374497 0.030728899065495252
0.0314744430490372 0.0010090552191041975 0.0008759223649002769 0.0010090552191041975 0.024344949167013463 0.00802102492638241 0.0008759223649002769 0.00802102492638241 0.019639391389116273
0.022818971210551972 0.002709483122453582 -0.00021576703957187115 0.002709483122453582 0.01966050901426586 -0.006284788876040247 -0.00021576703957187115 -0.006284788876040247 0.02592234394992612
0.016267916626103884 -0.0011431062309233172 0.004852462996329102 -0.0011431062309233172 0.020975310719231473 -0.0026323578827768283 0.004852462996329102 -0.0026323578827768283 0.02349932600341477
0.021022136757606648 -0.0003461454209301933 0.0020318828024363865 -0.0003461454209301933 0.026079348902125227 0.0008263418536795065 0.0020318828024363865 0.0008263418536795065 0.013307776474700854
0.02677255790160081 -0.0006977997875515833 -0.0012973567102768254 -0.0006977997875515833 0.040901167284289976 -0.0024422992564305415 -0.0012973567102768254 -0.0024422992564305415 0.02761083580427791
0.02083115997364516 0.0010806715130897548 0.0014580342929367293 0.0010806715130897548 0.02232592057118987 -0.0040077579903456065 0.0014580342929367293 -0.0040077579903456065 0.02891094698740034
0.015320377967218052 -0.0018151976052493159 -0.008479185576366935 -0.0018151976052493159 0.00735168802490201 0.002097071993115548 -0.008479185576366935 0.002097071993115548 0.01066715517338723
0.02400064006131367 -6.059840260316382e-05 -0.004490708895940518 -6.059840260316382e-05 0.023804154331660984 0.0011412699156929185 -0.004490708895940518 0.0011412699156929185 0.018827740057279954
0.028073587242338438 0.0008979581476650637 0.0015718858372214613 0.0008979581476650637 0.021000100974841857 -0.00381769936399932 0.0015718858372214613 -0.00381769936399932 0.030877640599157558
0.024475327548371784 0.0022237777440130718 0.0035385794489786867 0.0022237777440130718 0.005020485839910602 -0.003253950588266857 0.0035385794489786867 -0.003253950588266857 0.033443891133640026
0.017916009545386902 0.005186672368261703 0.0028196620362775163 0.005186672368261703 0.027754986549864222 0.003578978384047463 0.0028196620362775163 0.003578978384047463 0.014804373387475958
0.011283238933186062 0.0037350651786313693 -0.0011559604375361097 0.0037350651786313693 0.018897520036035117 0.0038553438262224978 -0.0011559604375361097 0.0038553438262224978 0.01836498861921943
0.03061137489074972 0.001957512035605231 0.0007776795000739356 0.001957512035605231 0.019031571047854235 0.000180877050194292 0.0007776795000739356 0.000180877050194292 0.011529305174059515
0.016169673761277543 -0.0024055729518225634 0.0028159894058167184 -0.0024055729518225634 0.022443444745935397 0.007204782806470097 0.0028159894058167184 0.007204782806470097 0.02185490571459255
0.02533655939142887 0.009719616514501397 -0.0006877000537843893 0.009719616514501397 0.020084697832488008 -0.0016370750279006223 -0.0006877000537843893 -0.0016370750279006223 0.021622611837947087
0.020081943359642408 -0.00043520670960454016 -2.3872097995185745e-05 -0.00043520670960454016 0.02280887147678478 0.0031116361579109422 -2.3872097995185745e-05 0.0031116361579109422 0.018435686755589792
0.014807127860321559 0.008116513318363152 -0.004070192708179169 0.008116513318363152 0.03022483053475075 -0.004932342708851454 -0.004070192708179169 -0.004932342708851454 0.03624427185999836
0.02551376381116236 -0.0014185535154831528 0.002613994730472839 -0.0014185535154831528 0.016264243995643086 -0.0032190605988892777 0.002613994730472839 -0.0032190605988892777 0.03584670961261699
0.02488574400236594 -0.004638532271987629 0.007185501496550909 -0.004638532271987629 0.022285521636121092 0.0010595538879401673 0.007185501496550909 0.0010595538879401673 0.01448485453738655
0.024258642351184714 0.004436537596643751 -0.006790693722015145 0.004436537596643751 0.020447370090491787 -0.0014543616624759315 -0.006790693722015145 -0.0014543616624759315 0.020136114658939178
