0.03086295007731437 0.0026663297145392076 -0.007991643882696027 0.0026663297145392076 0.013452845377902367 -0.0021071717268827416 -0.007991643882696027 -0.0021071717268827416 0.010286119763079457
0.02418427158435356 -0.00023321203426066072 -0.007492166140027527 -0.00023321203426066072 0.027489638999071586 -0.0034926715682187144 -0.007492166140027527 -0.0034926715682187144 0.029964991929649305
0.019991963913352864 -1.9281309919188485e-05 -0.0031070453698349445 -1.9281309919188485e-05 0.019561347991824317 -0.001963939138911627 -0.0031070453698349445 -0.001963939138911627 0.0034706357854539273
0.03162685721316031 -5.968024498796436e-05 0.0033182216213308185 -5.968024498796436e-05 0.02805063330195845 -0.0023229387664546125 0.0033182216213308185 -0.0023229387664546125 0.03476052915383604
0.03454384395664897 0.0010678173064769623 -2.9381043686382456e-05 0.0010678173064769623 0.012716482970512406 0.0044044020801117705 -2.9381043686382456e-05 0.0044044020801117705 0.02180624336098698
0.028772305187505218 -0.002804971514434325 0.0020575912156619715 -0.002804971514434325 0.02116904197603856 0.002219186955937075 0.0020575912156619715 0.002219186955937075 0.007366378546745201
0.02387760694087694 -0.0022494861572386568 0.0013744819499535792 -0.0022494861572386568 0.010697454374688812 0.002366092174368987 0.0013744819499535792 0.002366092174368987 0.028882484101329153
0.03306469203856265 -0.0042088345080742865 -0.009189839570531311 -0.0042088345080742865 0.012789017422113164 0.003729556232940173 -0.009189839570531311 0.003729556232940173 0.02325693239300211
0.029931938255502125 -0.0035762239112018643 -0.0018840594263892748 -0.0035762239112018643 0.010807633288512745 -0.001693082642427789 -0.0018840594263892748 -0.001693082642427789 0.017146593463849762
0.01832458968415066 0.00805499675814479 0.0025295242298744892 0.00805499675814479 0.017878365083163723 0.006569417736752077 0.0025295242298744892 0.006569417736752077 0.009479977376934338
0.019996554701428856 0.004261169492140655 0.0058596819002029 0.004261169492140655 0.007074404425111776 0.0014598706081671283 0.0058596819002029 0.0014598706081671283 0.028976136178079495
0.025302587559666488 0.0011247430786193284 0.0035110347205227033 0.0011247430786193284 0.012497961458094935 -2.4790255610385195e-05 0.0035110347205227033 -2.4790255610385195e-05 0.017303598416048865
0.009063133819633787 -0.0025864500020168556 0.001873959692622081 -0.0025864500020168556 0.028708952312056456 0.0027902809925911334 0.001873959692622081 0.0027902809925911334 0.025341150179504866
0.015579298414704295 0.0014258987764047483 0.002737946008524765 0.0014258987764047483 0.026922217592878325 0.0016168755603662344 0.002737946008524765 0.0016168755603662344 0.0004076619811485565
0.01828327259146668 -0.005411620983985568 0.0044989723144773135 -0.005411620983985568 0.011548586483978704 -0.0029316772653318495 0.0044989723144773135 -0.0029316772653318495 0.020608047673151695
0.0032980221537964307 -0.001666456071587005 0.004567834135617272 -0.001666456071587005 0.029517849171047175 0.0033338303007892094 0.004567834135617272 0.0033338303007892094 0.012582431958693286
0.028037779095345657 0.0007308534616987636 0.0014965969127751061 0.0007308534616987636 0.02061447477645809 -0.00498926848099382 0.0014965969127751061 -0.00498926848099382 0.027283053535651705
0.01789856455069811 0.0028279254548143114 0.0021494069771819165 0.0028279254548143114 0.013360111458767223 0.0027544728455983552 0.0021494069771819165 0.0027544728455983552 0.022332347674496263
0.022175342722297157 0.0010411907356361783 0.005293178651624839 0.0010411907356361783 0.021329719558698463 -0.00047193301421251816 0.005293178651624839 -0.00047193301421251816 0.0174156136451032
0.023668267004611464 -0.003035429075849387 0.002255913260545053 -0.003035429075849387 0.02213494378722838 0.0063591596428714025 0.002255913260545053 0.0063591596428714025 0.010819569337510338
0.02317062557717336 -0.003948077745357642 -0.0010164004800257932 -0.003948077745357642 0.024930733725510714 -0.002008010704441201 -0.0010164004800257932 -0.002008010704441201 0.02299250299982467
0.003250277957806059 0.006140638130453933 -0.005104956340508952 0.006140638130453933 0.011827706398999337 -0.0030253293420821935 -0.005104956340508952 -0.0030253293420821935 0.00494152428500345
0.034455700825589824 -0.001485579021392713 -0.0022834579890010365 -0.001485579021392713 0.01539015794597321 -0.0030602193314597727 -0.0022834579890010365 -0.0030602193314597727 0.01629637951217507
0.012577841170617289 -0.0017931618224845292 0.0014387529830175408 -0.0017931618224845292 0.02265737547027687 0.004442964699950147 0.0014387529830175408 0.004442964699950147 0.009430396865713567
0.02978319672183981 0.007664779771685022 -0.0033393392464804057 0.007664779771685022 0.018912210557878305 -0.007305780144142037 -0.0033393392464804057 -0.007305780144142037 0.03577784779147703
0.01644328473060698 0.0026690841873848064 -0.00522431683048488 0.0026690841873848064 0.016814220407147557 -0.004693621728899597 -0.00522431683048488 -0.004693621728899597 0.012683429296365225
0.024112655290367997 -0.0023449745492193997 0.0013487735367279945 -0.0023449745492193997 0.010220930572400297 0.000524267998278887 0.0013487735367279945 0.000524267998278887 0.018576164870715308
0.013052528657675406 -0.0031281629949845317 -0.0034054465947747662 -0.0031281629949845317 0.025718512959351843 0.0056934953718518 -0.0034054465947747662 0.0056934953718518 0.006322433338263425
0.019312527278105267 -0.00031125543155261415 -0.004858890099635499 -0.00031125543155261415 0.021186486970727347 -0.004788191963265141 -0.004858890099635499 -0.004788191963265141 0.0182548097053955
0.022622485480899287 -0.002457907935888932 -0.004484281792634122 -0.002457907935888932 0.017864592718935732 -0.0006592371677132063 -0.004484281792634122 -0.0006592371677132063 0.024602951456884504
0.01764882567936386 0.0027820175740543387 0.004450309960871743 0.0027820175740543387 0.013204942821798514 -0.0035046076172163074 0.004450309960871743 -0.0035046076172163074 0.01542045714727479
0.01652500075835973 0.00027085649648383824 -0.0009576383926530282 0.00027085649648383824 0.014597787924056083 -0.0006225108631052283 -0.0009576383926530282 -0.0006225108631052283 0.018246546286858702
0.010106160870500364 0.00149016980946871 0.002111762514958739 0.00149016980946871 0.013505180361968735 -6.335287544876216e-05 0.002111762514958739 -6.335287544876216e-05 0.0009337662946578423
0.01210958078686557 0.0014038629936399618 0.0008979581476650637 0.0014038629936399618 0.013574042183108693 0.006656642710196025 0.0008979581476650637 0.006656642710196025 0.016070512738836005
0.022686756513963253 0.0025377876484112844 0.006413330942168171 0.0025377876484112844 0.017231982122063307 0.003679057564104203 0.006413330942168171 0.003679057564104203 0.012645784834142047
0.023654494640383474 -0.001097198350163345 -0.006323351495878623 -0.001097198350163345 0.023021884043511052 -0.0068053842438583366 -0.006323351495878623 -0.0068053842438583366 0.021107525415820196
0.02831230822229029 0.003467881312608329 0.0003305367414718026 0.003467881312608329 0.012258322320527879 -0.00019097678396148596 0.0003305367414718026 -0.00019097678396148596 0.021727281806079825
0.020788006565730786 0.0016921644848125895 -0.0026966289158407894 0.0016921644848125895 0.014122182279382766 0.0011614693832273063 -0.0026966289158407894 0.0011614693832273063 0.005832137171746917
0.013918351288808488 -0.0016379931855158218 0.00020842177865027553 -0.0016379931855158218 0.0279661628013601 0.0017426631536485594 0.00020842177865027553 0.0017426631536485594 0.021128643040969782
0.016859210130292332 -0.004513662836320504 0.007575718483010675 -0.004513662836320504 0.008630681582874845 0.0070395144357341954 0.007575718483010675 0.0070395144357341954 0.011332819444406832
0.027813748637236988 0.002772835997902344 -0.0011366791276169212 0.002772835997902344 0.023347829996906856 -4.590788075997259e-06 -0.0011366791276169212 -4.590788075997259e-06 0.017041005338101826
0.009599337866910267 0.005164636585496916 0.000815323962297113 0.005164636585496916 0.008332280357935025 -8.35523429831501e-05 0.000815323962297113 -8.35523429831501e-05 0.01595941566739687
0.02706085939277344 -0.0020520822699707747 0.0006675005862500014 -0.0020520822699707747 0.017074059012249003 -0.0032814953167228404 0.0006675005862500014 -0.0032814953167228404 0.030251457105591534
0.010105242712885166 -0.0038186175216145197 -0.0032319148055020702 -0.0038186175216145197 0.03176274454020983 -0.000808896858990717 -0.0032319148055020702 -0.000808896858990717 0.014169926475373138
0.016886754858748316 -0.004662404369982815 0.002533196860335287 -0.004662404369982815 0.026177591766951565 0.00020107651772867995 0.002533196860335287 0.00020107651772867995 0.008279945373868655
0.0018464149641660972 0.0025396239636416833 -0.0016113666146750378 0.0025396239636416833 0.02875394203520123 -0.00012578759328232489 -0.0016113666146750378 -0.00012578759328232489 0.023244996344004516
0.019250092560271704 -0.003950832218203241 -0.003317303463715619 -0.003950832218203241 0.027489638999071586 -0.0021815424937138973 -0.003317303463715619 -0.0021815424937138973 0.015218462471930911
0.02568637744281986 -0.005452019919054344 0.004246478970297464 -0.005452019919054344 0.016334942132013447 -0.003891151973215276 0.004246478970297464 -0.003891151973215276 0.023880361413722538
0.022267158483817103 -0.0026745931330760028 -0.005048030568366585 -0.0026745931330760028 0.0037222109720185773 -0.0007317716193139629 -0.005048030568366585 -0.0007317716193139629 0.019919429461752104
0.009384488984953596 0.0010898530892417492 0.002563496061636869 0.0010898530892417492 0.027153593311908586 -0.005233498406636875 0.002563496061636869 -0.005233498406636875 0.024443192031839804
0.00825515511825827 -0.00651432827984011 0.0011798325355312955 -0.00651432827984011 0.008951118590579454 0.00024147545279745578 0.0011798325355312955 0.00024147545279745578 0.020470324030871775
0.023264277653923707 0.0021539977652579134 0.004963560067768236 0.0021539977652579134 0.009122814064621752 0.0065942079923624625 0.004963560067768236 0.0065942079923624625 0.026703696080460852
0.03203451919430887 -0.0021126806725739384 -0.001079753355474555 -0.0021126806725739384 0.01257416854015649 0.0024478082021217383 -0.001079753355474555 0.0024478082021217383 0.018564228821717713
0.023280804490997297 -0.005020485839910602 -0.008133040155436743 -0.005020485839910602 0.021225049590565724 0.0025882863172472545 -0.008133040155436743 0.0025882863172472545 0.017143838991004162
0.013488653524895144 0.00025341150179504865 -1.9281309919188485e-05 0.00025341150179504865 0.016939089842814684 -0.004358494199351797 -1.9281309919188485e-05 -0.004358494199351797 0.015108283558106977
0.027233473024430938 -0.002697547073455989 -0.004979168747226627 -0.002697547073455989 0.0271269667410678 0.007389332487125188 -0.004979168747226627 0.007389332487125188 0.027554828189750746
0.033341057480737686 0.0037497557004745607 -0.008310244575170237 0.0037497557004745607 0.02212208958061559 -0.0024652531968105277 -0.008310244575170237 -0.0024652531968105277 0.01900127184655265
0.019012289737935048 0.0008722497344394791 -0.0004039893506877588 0.0008722497344394791 0.02266931151927446 -0.0008327689569859026 -0.0004039893506877588 -0.0008327689569859026 0.03153504145164037
0.02186500544835974 -0.0016673742292022042 -0.001996074655443608 -0.0016673742292022042 0.020534595063935734 0.0013276559115784072 -0.001996074655443608 0.0013276559115784072 0.010098815609578768
0.022363565033413045 0.0005417129929676765 0.0028462886071183003 0.0005417129929676765 0.018814885850667165 0.0018785504806980782 0.0028462886071183003 0.0018785504806980782 0.0348229638716696
0.02051623191163175 0.0015149600650790954 -0.002120025933495534 0.0015149600650790954 0.023280804490997297 -0.006181955223137908 -0.002120025933495534 -0.006181955223137908 0.03250186142044539
0.02312563585402859 0.0004811145903645127 -0.005369385733686394 0.0004811145903645127 0.026385095387986644 -0.0017775531430261385 -0.005369385733686394 -0.0017775531430261385 0.02376742802705301
0.020992755713920265 -0.001424980618789549 -0.002185215124174695 -0.001424980618789549 0.018076687128046803 0.0040196940393432 -0.002185215124174695 0.0040196940393432 0.020470324030871775
0.025357677016578456 -0.0007712523967675393 -0.001768371566874144 -0.0007712523967675393 0.024824227442147573 -0.004831345371179515 -0.001768371566874144 -0.004831345371179515 0.023906987984563324
0.020272920143603892 0.010327436855763433 0.005535572262037494 0.010327436855763433 0.02058142110231091 -0.0063848680560969874 0.005535572262037494 -0.0063848680560969874 0.0318178339971218
0.01844119570128099 0.0029950301407806116 -0.0003782809374621741 0.0029950301407806116 0.014964132812520663 0.007915436800634473 -0.0003782809374621741 0.007915436800634473 0.02296220379852309
0.01937220752309323 1.9281309919188485e-05 -0.005587907246103863 1.9281309919188485e-05 0.010908630626184685 0.003933387223514452 -0.005587907246103863 0.003933387223514452 0.024871053480522747
0.02503999448171945 -0.005842236905514111 -0.0069274992066798635 -0.005842236905514111 0.01257508669777169 -0.0028527157104246965 -0.0069274992066798635 -0.0028527157104246965 0.031239394699546147
0.019634800601040274 -0.0020952356778851486 -0.00017812257734869363 -0.0020952356778851486 0.0071561204528645265 -0.007830966300036124 -0.00017812257734869363 -0.007830966300036124 0.00877575048607636
0.030549858330531355 -0.0003057464858614174 -0.00013864179989511721 -0.0003057464858614174 0.018563310664102512 0.000949374974116233 -0.00013864179989511721 0.000949374974116233 0.027569518711593934
0.00999873642952203 0.005152700536499323 -0.0014846608637775133 0.005152700536499323 0.023619604651005894 0.0033760655510883843 -0.0014846608637775133 0.0033760655510883843 0.01828786337954268
0.02136093691761524 -0.004373184721194989 0.005686150110930204 -0.004373184721194989 0.02331018553468368 0.00708266784364857 0.005686150110930204 0.00708266784364857 0.018582591974021703
0.026567808753411335 0.0016738013325086004 -0.0039563411638944375 0.0016738013325086004 0.023302840273762084 0.004082128757176762 -0.0039563411638944375 0.004082128757176762 0.015425047935350787
-5.049866883596985e-05 0.006760394520713563 0.005095774764356957 0.006760394520713563 0.003102454581758947 -0.004673422261365209 0.005095774764356957 -0.004673422261365209 0.01538832163074281
0.0006050658684164386 0.0025974678933992487 -0.004480609162173324 0.0025974678933992487 0.019535639578598735 0.001034763632329782 -0.004480609162173324 0.001034763632329782 0.00977929675948936
0.021381136385149633 -0.002481780033884118 0.008822576524451531 -0.002481780033884118 0.01740184128087521 0.012597122480536477 0.008822576524451531 0.012597122480536477 0.016520409970283735
0.02205506407470603 -0.004578852026999666 0.003071237222842166 -0.004578852026999666 0.014337031161339438 -0.002731518905218369 0.003071237222842166 -0.002731518905218369 0.024503790434442965
0.024961951084427496 -0.0016435021312070186 0.00011109707143913366 -0.0016435021312070186 0.03618918240308639 0.007533483232711502 0.00011109707143913366 0.007533483232711502 0.02469752169125005
0.018577083028330506 -0.0008447050059834956 0.0028279254548143114 -0.0008447050059834956 0.0222708311142779 -0.0012128862096784758 0.0028279254548143114 -0.0012128862096784758 0.032730482666630055
0.0058918174167348816 0.003814944891153722 -0.008593037120651669 0.003814944891153722 0.008700461561630004 -0.005363876787995197 -0.008593037120651669 -0.005363876787995197 0.015309360075835656
0.020832996288875562 -0.0011568785951513092 0.0055603625176478795 -0.0011568785951513092 0.015266206667921283 -0.00411977321939994 0.0055603625176478795 -0.00411977321939994 0.0011109707143913364
