0.01130160208549005 0.006618998247972847 0.0006684187438652008 0.006618998247972847 -0.0020254556991299902 -0.0020502459547403758 0.0006684187438652008 -0.0020502459547403758 0.006177364435061911
0.0159052443681001 0.0005279406287396847 0.0004902961665165072 0.0005279406287396847 0.01160643041373627 -0.009148522477847337 0.0004902961665165072 -0.009148522477847337 -0.0025690050073280657
0.00314836246251892 0.003926960120208055 -0.0019823022912156163 0.003926960120208055 0.010093306663887573 0.003056546700998975 -0.0019823022912156163 0.003056546700998975 0.0032576232187276543
0.019285900707264485 -8.630681582874845e-05 0.002711319437683981 -8.630681582874845e-05 0.015777620459587378 0.0014314077220959453 0.002711319437683981 0.0014314077220959453 0.0033567842411691955
-0.007170810974707718 -0.003676303091258605 -0.004398893134420573 -0.003676303091258605 0.01509083856341819 -0.0018014252410213242 -0.004398893134420573 -0.0018014252410213242 -0.0038213719944601176
0.01766351620120705 0.0018170339204797148 0.0016719650172782015 0.0018170339204797148 0.008682098409326015 0.0028224165091231147 0.0016719650172782015 0.0028224165091231147 0.015549917371017912
0.010753461989215979 -0.0025304423874896887 -0.009782051232334959 -0.0025304423874896887 0.015519618169716332 -0.0008621500006722851 -0.009782051232334959 -0.0008621500006722851 -0.008156912253431929
0.01771676934288862 -0.0042758600139838464 0.0017426631536485594 -0.0042758600139838464 0.020656710026757265 0.00022678493095426458 0.0017426631536485594 0.00022678493095426458 0.022364483191028243
0.013808172374984554 0.0036212136343466376 0.00968013573704782 0.0036212136343466376 0.0029729943580158245 -0.0009502931317314325 0.00968013573704782 -0.0009502931317314325 0.007204782806470097
0.01542229346250519 0.0065427911659112934 0.00034339094808459494 0.0065427911659112934 0.0026947926006103905 -0.0031419353592125237 0.00034339094808459494 -0.0031419353592125237 0.0038397351467641073
0.011010546121471825 -0.0011458607037689158 0.008652717365639634 -0.0011458607037689158 0.015462692397573965 0.004072029023409568 0.008652717365639634 0.004072029023409568 0.012215168912613504
0.02205506407470603 0.004144563475010325 0.002254076945314654 0.004144563475010325 0.019076560770999007 -0.003023493026851794 0.002254076945314654 -0.003023493026851794 0.01090220352287829
0.004320849737128619 0.006022195798093204 0.0016554381802046112 0.006022195798093204 0.005014058736604206 -0.0014102900969463577 0.0016554381802046112 -0.0014102900969463577 0.020205894637694333
0.013583223759260687 -0.00443745575425895 0.0037534283309353586 -0.00443745575425895 0.011491660711836337 0.00364967652041782 0.0037534283309353586 0.00364967652041782 0.01596492461308807
0.008245055384491076 0.0036313133681138312 0.005261043135092858 0.0036313133681138312 2.66265708407841e-05 0.00046458775329092256 0.005261043135092858 0.00046458775329092256 0.01142004441785078
0.003581732856893061 0.006417921730244168 0.001845496806550898 0.006417921730244168 -0.006259998620429862 -0.002510242919955301 0.001845496806550898 -0.002510242919955301 0.0026204218337792353
0.004862562730096296 -0.0009649836535746237 0.004802882485108332 -0.0009649836535746237 -0.002230204847319468 -0.00041041645399415497 0.004802882485108332 -0.00041041645399415497 0.010505559433112127
0.018396205978136217 0.0031373445711365263 0.0004774419599037149 0.0031373445711365263 0.011349346281480422 0.0019685299269876244 0.0004774419599037149 0.0019685299269876244 0.004296059481518235
0.011423717048311579 0.0010154823224105937 -0.0029270864772558518 0.0010154823224105937 0.006111257086767551 -0.0024790255610385196 -0.0029270864772558518 -0.0024790255610385196 0.012176606292775127
-0.002029128329590788 0.001605857668983841 -0.004778092229497947 0.001605857668983841 0.0032631321644188515 0.005488746223662322 -0.004778092229497947 0.005488746223662322 0.0002699383388686388
0.005432738609135156 -0.004151908735931921 -0.0032218150717348757 -0.004151908735931921 0.004851544838713903 -0.005358367842304 -0.0032218150717348757 -0.005358367842304 -0.010192467686329114
0.0037782185865457437 0.008481940049212535 0.0025570689583304727 0.008481940049212535 -0.0024386266259697436 -0.002238468265856263 0.0025570689583304727 -0.002238468265856263 -0.000788697391456329
0.005935888982264455 -0.00042327066060694724 0.004727593560661977 -0.00042327066060694724 0.029530703377659964 0.0007437076683115559 0.004727593560661977 0.0007437076683115559 0.012745864014198789
-0.0002616749203318437 -0.001014564164795394 -0.0031382627287517262 -0.001014564164795394 0.026231763066248335 -0.00420240740476789 -0.0031382627287517262 -0.00420240740476789 0.0004801964327493132
-0.01664344309072046 0.008585691859730073 -0.000524267998278887 0.008585691859730073 -0.007538074020787499 0.0007161629398555723 -0.000524267998278887 0.0007161629398555723 0.0018565146979332913
0.009272473755899261 0.0005977206074948431 -0.0024055729518225634 0.0005977206074948431 0.01612468403813277 -0.0006537282220220096 -0.0024055729518225634 -0.0006537282220220096 0.00991426592892368
-0.0018078523443277204 -0.0021888877546354926 -0.003124490364523734 -0.0021888877546354926 0.0065427911659112934 0.0038893156579848775 -0.003124490364523734 0.0038893156579848775 0.016937253527584285
0.007835557088112122 0.00437134840596459 0.00321538796842848 0.00437134840596459 0.0014653795538583248 -0.005646669333476628 0.00321538796842848 -0.005646669333476628 0.009172394575842523
0.015133991971332562 -0.0036129502158098424 0.0035753057535866653 -0.0036129502158098424 0.006376604637560191 -0.0014525253472455328 0.0035753057535866653 -0.0014525253472455328 0.004857053784405099
0.008310244575170237 0.0019593483508356297 -0.0004407156552957368 0.0019593483508356297 0.012958876580925061 -0.005304196543007232 -0.0004407156552957368 -0.005304196543007232 0.006272852827042654
0.011222640530582898 0.005384994413144785 0.0037268017600945746 0.005384994413144785 0.011250185259038882 0.002679183921152 0.0037268017600945746 0.002679183921152 0.008081623328985574
-0.006225108631052282 -0.0028068078296647238 -0.00492224297508426 -0.0028068078296647238 -0.008685771039786813 -0.008870320720441903 -0.00492224297508426 -0.008870320720441903 -0.0065960443075928615
0.01163672961503785 -0.002431281365048148 -0.005561280675263079 -0.002431281365048148 -0.002873833335574284 -0.002256831418160252 -0.005561280675263079 -0.002256831418160252 0.0021530796076427144
-0.013765937124685379 -0.012150897879549543 0.0048322635287947144 -0.012150897879549543 -0.0044870362654797205 -0.005403357565448773 0.0048322635287947144 -0.005403357565448773 0.005025994785601799
0.02481229139314998 0.0006491374339460123 0.004581606499845264 0.0006491374339460123 0.025342068337120063 -0.0018886502144652723 0.004581606499845264 -0.0018886502144652723 0.014459146124160964
0.007931963637708064 -0.0008134876470667142 0.0018684507469308841 -0.0008134876470667142 0.011866269018837715 -0.003978376946659225 0.0018684507469308841 -0.003978376946659225 0.0072093735945460945
0.01700244271826345 -0.0030574648586141743 -0.0008401142179074983 -0.0030574648586141743 0.005184836053031304 0.004506317575398908 -0.0008401142179074983 0.004506317575398908 0.01748539362385836
0.018517402783342542 -0.0025993042086296476 -0.0004801964327493132 -0.0025993042086296476 0.01818411156902514 0.0022008238036330856 -0.0004801964327493132 0.0022008238036330856 0.01376777343991578
0.019329972272794056 -0.007724460016672987 5.2334984066368754e-05 -0.007724460016672987 0.008252400645412671 -0.0012496125142864537 5.2334984066368754e-05 -0.0012496125142864537 0.001142188073308118
0.0021172714606499357 0.010340291062376225 0.0013643822161863851 0.010340291062376225 0.02175574469215101 0.0007336079345443619 0.0013643822161863851 0.0007336079345443619 0.02668166029769607
0.015681213909991436 0.0009356026098882414 -0.003634985998574629 0.0009356026098882414 0.01629270688171427 0.00019281309919188483 -0.003634985998574629 0.00019281309919188483 0.014706130522649618
0.005764193508222158 0.001768371566874144 -0.007254363317690868 0.001768371566874144 0.009488240795471134 -0.0005463037810436738 -0.007254363317690868 -0.0005463037810436738 -0.0011330064971561233
0.02453684410859015 -0.000313091746783013 0.000341554632854196 -0.000313091746783013 0.01184056060561213 -0.00024055729518225634 0.000341554632854196 -0.00024055729518225634 0.015515945539255534
0.0069137268424518715 0.0003066646434766169 0.0012101317368328772 0.0003066646434766169 0.0004150072420701522 -0.0035835691721234596 0.0012101317368328772 -0.0035835691721234596 0.00721763701308289
0.011165714758440531 0.0038571801414528967 -0.0027122375952991803 0.0038571801414528967 0.00817252093289032 0.0036478402051874216 -0.0027122375952991803 0.0036478402051874216 0.013274722800553673
0.020224257789998323 0.0008327689569859026 0.003053792228153376 0.0008327689569859026 0.008413078228072576 -0.0011614693832273063 0.003053792228153376 -0.0011614693832273063 0.01225924047814308
-0.01187269612214411 0.00961219207352306 -0.0013965177327183661 0.00961219207352306 0.004529271515778895 -0.004548552825698084 -0.0013965177327183661 -0.004548552825698084 0.012180278923235926
0.01748355730862796 -0.0011091343991609377 -0.0006436284882548156 -0.0011091343991609377 0.012281276260907865 -0.005458447022360741 -0.0006436284882548156 -0.005458447022360741 0.00612870208145634
0.015883208585335314 0.00329894031141163 0.0003837898831533708 0.00329894031141163 0.010136460071801946 0.004521926254857299 0.0003837898831533708 0.004521926254857299 0.007735477908055381
0.014795191811323964 -0.0054006030926031755 -0.006324269653493824 -0.0054006030926031755 0.010367835790832208 -0.0038755432937568855 -0.006324269653493824 -0.0038755432937568855 -0.002337629288297804
0.01061757466216646 -0.0032144698108132804 -0.0032190605988892777 -0.0032144698108132804 0.007490329824797127 -0.007946654159551255 -0.0032190605988892777 -0.007946654159551255 0.009489158953086333
0.0036046867972730472 -7.253445160075668e-05 0.0025423784364872817 -7.253445160075668e-05 0.013653003738015848 0.0011027072958545415 0.0025423784364872817 0.0011027072958545415 0.021413271901681612
0.014167172002527541 0.0025240152841832925 0.006130538396686739 0.0025240152841832925 0.008515911880974916 -0.0009824286482634133 0.006130538396686739 -0.0009824286482634133 -0.013474881160667154
0.014129527540304363 0.0024377084683545446 -0.0035459247099002824 0.0024377084683545446 0.0018060160290973215 -7.896155490715285e-05 -0.0035459247099002824 -7.896155490715285e-05 0.011308029188796448
0.005043439780290588 0.011315374449718042 -0.001099952823008943 0.011315374449718042 0.0022081690645546813 -0.002414754527974558 -0.001099952823008943 -0.002414754527974558 -0.00395175037581844
0.006413330942168171 0.003291595050490034 0.007551846385015489 0.003291595050490034 0.009210957195680899 -0.004380529982116584 0.007551846385015489 -0.004380529982116584 -0.0007639071358459438
-0.004665158842828415 -0.01185433296984012 0.003973786158583227 -0.01185433296984012 0.003838816989148908 -0.003183252451896499 0.003973786158583227 -0.003183252451896499 -0.0011981956878352846
0.005045276095520987 -0.006370177534253796 5.417129929676765e-05 -0.006370177534253796 0.005998323700098018 0.010578093884712883 5.417129929676765e-05 0.010578093884712883 0.014194716730983522
0.02155375001680713 0.00017904073496389307 0.004709230408357987 0.00017904073496389307 0.01066623701577203 0.004163844784929514 0.004709230408357987 0.004163844784929514 0.012046227911416806
0.03475042942006885 -0.0015783129405278575 0.0009356026098882414 -0.0015783129405278575 0.009686562840354216 0.0034899170953731156 0.0009356026098882414 0.0034899170953731156 0.02257290496967852
0.021225049590565724 -0.0032704774253404473 0.005064557405440175 -0.0032704774253404473 0.004802882485108332 0.0034522726331499384 0.005064557405440175 0.0034522726331499384 -0.0004811145903645127
0.007963180996624845 0.0016765558053541988 -0.0052289076185608775 0.0016765558053541988 -0.007744659484207376 0.0008750042072850775 -0.0052289076185608775 0.0008750042072850775 -0.0015700495219910624
0.021360018760000044 -0.005208708151026489 -0.002367928489599386 -0.005208708151026489 -0.002906887009721464 -0.0027737541555175435 -0.002367928489599386 -0.0027737541555175435 0.008388287972462192
0.015851073068803335 0.0017793894582565375 0.007625298994231446 0.0017793894582565375 0.016157737712279952 -0.00562646986594224 0.007625298994231446 -0.00562646986594224 0.010697454374688812
0.012294130467520658 0.0003791990950773736 -0.0052169715695632845 0.0003791990950773736 0.010586357303249678 -0.008007252562154418 -0.0052169715695632845 -0.008007252562154418 0.0087087249801668
0.011796489040082554 -0.0010356817899449815 -0.005564035148108677 -0.0010356817899449815 0.010407316568285785 -7.98797125223523e-05 -0.005564035148108677 -7.98797125223523e-05 -0.006374768322329793
0.015713349426523415 -2.4790255610385195e-05 0.0012854206612792323 -2.4790255610385195e-05 0.006173691804601113 -0.0021631793414099085 0.0012854206612792323 -0.0021631793414099085 0.004812064061260326
0.01302957471729542 0.0007841066033803317 -0.0031896795552028953 0.0007841066033803317 0.009503849474929525 -0.0017545992026461524 -0.0031896795552028953 -0.0017545992026461524 0.005070066351131373
0.0067815121458631505 -0.003732310705785771 -0.0018785504806980782 -0.003732310705785771 -0.009082415129552976 -0.0027168283833751776 -0.0018785504806980782 -0.0027168283833751776 0.0024055729518225634
-0.008527847929972509 -0.00017812257734869363 -0.0022696856247730445 -0.00017812257734869363 -0.008760141806617968 -0.008678425778865217 -0.0022696856247730445 -0.008678425778865217 0.007918191273480072
0.002441381098815342 -0.004449391803256543 0.0008566410549810885 -0.004449391803256543 0.00643077593685696 -0.0018087705019429199 0.0008566410549810885 -0.0018087705019429199 -0.004847872208253105
-0.0036028504820426483 0.005896408204810879 0.0058541729545117036 0.005896408204810879 0.00961035575829266 0.0020906448898091517 0.0058541729545117036 0.0020906448898091517 0.010175022691640324
0.009077824341476979 -0.004961723752537837 0.004531107831009294 -0.004961723752537837 -0.008733515235777185 0.004623841750144439 0.004531107831009294 0.004623841750144439 0.01162112093557946
0.005551180941495885 -0.001150451491844913 -0.010262247665084271 -0.001150451491844913 0.014758465506715987 -0.004534780461470092 -0.010262247665084271 -0.004534780461470092 0.00021209440911107333
0.006470256714310536 -0.0006821911080931926 0.001617793717981434 -0.0006821911080931926 0.00981051411840614 0.0027801812588239398 0.001617793717981434 0.0027801812588239398 0.018764387181831193
0.006398640420324979 -0.0005279406287396847 -0.0034284005351547524 -0.0005279406287396847 -0.0030464469672317803 0.003732310705785771 -0.0034284005351547524 0.003732310705785771 -0.0025726776377888636
0.009232074820830487 0.003235587435962868 -0.0048184911645667225 0.003235587435962868 0.01349508062820154 0.0010237457409473887 -0.0048184911645667225 0.0010237457409473887 -0.0037892364779281372
0.0031391808863669257 -0.008053160442914391 -0.0034284005351547524 -0.008053160442914391 0.006961471038442243 -0.0007207537279315695 -0.0034284005351547524 -0.0007207537279315695 0.015311196391066057
0.01522488957523731 -0.0005059048459748978 -0.0005637487757324633 -0.0005059048459748978 0.023551660987481134 0.005050785041212183 -0.0005637487757324633 0.005050785041212183 0.01736144234580643
-0.0006050658684164386 -0.0006454648034852146 0.0013102109168896176 -0.0006454648034852146 0.004285041590135841 -0.0032025337618156874 0.0013102109168896176 -0.0032025337618156874 -0.002705810491992784
-0.015320377967218052 0.0006059840260316382 0.008935509911121063 0.0006059840260316382 0.006518000910300907 0.0010522086270185716 0.008935509911121063 0.0010522086270185716 0.005054457671672982
0.005231662091406476 0.0022595858910058504 -0.0017858165615629335 0.0022595858910058504 0.008785850219843553 0.0028325162428903083 -0.0017858165615629335 0.0028325162428903083 0.014181862524370733
0.02463325065818609 -0.0007161629398555723 -0.0020401462209731817 -0.0007161629398555723 0.03102362765997427 0.002118189618265135 -0.0020401462209731817 0.002118189618265135 0.02708381333315343
0.010778252244826363 0.004576097554154067 0.006920153945758268 0.004576097554154067 -0.001101789138239342 0.0006968816299363839 0.006920153945758268 0.0006968816299363839 0.0076436621465354355
-0.003945323272512044 0.002715910225759978 0.00017536810450309527 0.002715910225759978 0.010812224076588743 -0.0032328329631172693 0.00017536810450309527 -0.0032328329631172693 -0.001991483867367611
0.00763539872799864 -0.00011201522905433311 -0.002985848564628617 -0.00011201522905433311 0.00907690618386178 0.002254076945314654 -0.002985848564628617 0.002254076945314654 0.02036014511704784
-0.00400133088703921 -0.00649780144276652 0.006630016139355241 -0.00649780144276652 0.009368880305495205 0.000912648669508255 0.006630016139355241 0.000912648669508255 0.005708185893694991
0.006476683817616932 0.004521008097242101 -0.00012211496282152709 0.004521008097242101 0.008308408259939839 -0.00294728594479024 -0.00012211496282152709 -0.00294728594479024 0.0164093128988446
0.017871019822242127 0.0009245847185058479 0.0030932730056069525 0.0009245847185058479 0.010168595588333927 -0.003393510545777173 0.0030932730056069525 -0.003393510545777173 0.01361352296056227
-0.0018730415350068817 -0.0011366791276169212 -0.0001882223111158876 -0.0011366791276169212 0.0008731678920546786 0.0005077411612052969 -0.0001882223111158876 0.0005077411612052969 0.0012698119818208417
0.003957259321509637 0.0025974678933992487 -0.0011559604375361097 0.0025974678933992487 0.005221562357639282 0.0010696536217073612 -0.0011559604375361097 0.0010696536217073612 0.004483363635018923
-0.0047652380228851545 0.008458986108832549 0.006152574179451526 0.008458986108832549 0.02280519884632398 0.004223525029917478 0.006152574179451526 0.004223525029917478 0.0036818120369498013
-0.006330696756800219 0.0025028976590337052 0.0021034990964219438 0.0025028976590337052 0.011507269391294728 0.0017536810450309527 0.0021034990964219438 0.0017536810450309527 -0.006604307726129656
0.014687767370345628 0.003774545956084946 -0.0049268337631602575 0.003774545956084946 0.007728132647133785 6.335287544876216e-05 -0.0049268337631602575 6.335287544876216e-05 0.005822037437979723
0.01114918792136694 -0.001750008414570155 0.0034486000026891406 -0.001750008414570155 -0.002456989778273733 -0.0020952356778851486 0.0034486000026891406 -0.0020952356778851486 0.012445626474028566
0.01602368670046083 -0.0018959954753868678 0.0014378348254023413 -0.0018959954753868678 0.010299892127307449 0.007988889409850429 0.0014378348254023413 0.007988889409850429 0.011223558688198097
0.02297964879321188 -0.005095774764356957 -0.0047891101208803405 -0.005095774764356957 0.01584372780788174 0.003543170237054684 -0.0047891101208803405 0.003543170237054684 0.014638186859124859
0.0019850567640612147 0.0038296354129969128 -0.0038828885546784817 0.0038296354129969128 0.0012110498944480769 -0.004835936159255512 -0.0038828885546784817 -0.004835936159255512 0.016250471631415096
0.013941305229188475 -0.000994364697261006 -0.0011375972852321206 -0.000994364697261006 0.01949064985545396 0.006719077428029588 -0.0011375972852321206 0.006719077428029588 -0.0019299673071492473
0.01559031630608669 -0.004542125722391687 -0.0010356817899449815 -0.004542125722391687 0.01581067413373456 0.0006959634723211844 -0.0010356817899449815 0.0006959634723211844 -0.0019593483508356297
0.013951404962955669 0.0033283213550980126 2.4790255610385195e-05 0.0033283213550980126 0.014772237870943979 -0.0022852943042314354 2.4790255610385195e-05 -0.0022852943042314354 0.014313159063344252
