-0.006701632433340798 -0.0028628154441918906 -0.001436916667787142 -0.0028628154441918906 -0.0007437076683115559 0.0016655379139718053 -0.001436916667787142 0.0016655379139718053 -0.011759762735474579
0.004239133709375869 0.008625172637183648 -0.0027434549542159617 0.008625172637183648 -0.0034889989377579166 0.002892196487878273 -0.0027434549542159617 0.002892196487878273 0.0009135668271234544
0.002019946753438794 -0.00036909936131017954 0.0023440563916042 -0.00036909936131017954 0.005861518215433299 -0.0019318036223796462 0.0023440563916042 -0.0019318036223796462 0.0030078843473934037
-0.0005848664008820507 0.0006638279557892036 -0.002617667360933637 0.0006638279557892036 0.012141716303397549 -0.0007565618749243482 -0.002617667360933637 -0.0007565618749243482 0.0025956315781688498
-0.024843508752066763 0.0006473011187156135 -0.005406112038294371 0.0006473011187156135 -0.018304390216616267 0.0028260891395839125 -0.005406112038294371 0.0028260891395839125 -0.021966002786031683
0.0004278614486829445 0.005241761825173669 0.0004076619811485565 0.005241761825173669 0.00550986384881191 0.008544374767046097 0.0004076619811485565 0.008544374767046097 0.006385786213712186
-0.021523450815505545 -0.003502771301985908 -0.001009973376719397 -0.003502771301985908 -0.008997944628954627 0.003307203729948425 -0.001009973376719397 0.003307203729948425 -0.02071271764128443
0.011842396920842529 0.007949408632396853 -0.0028775059660350816 0.007949408632396853 -0.006457402507697743 0.008541620294200499 -0.0028775059660350816 0.008541620294200499 0.005584234615643065
-0.012159161298086339 -0.0029491222600206385 0.010766316195828771 -0.0029491222600206385 -0.01118866869882052 -0.00530878733108323 0.010766316195828771 -0.00530878733108323 -0.006585944573825667
0.0046192509620684415 -0.002233877477780266 0.004793700908956338 -0.002233877477780266 0.014696948946497623 0.0052289076185608775 0.004793700908956338 0.0052289076185608775 0.010276020029312263
0.009073233553400983 -0.002642457616544022 -0.002648884719850418 -0.002642457616544022 0.0012101317368328772 0.0005958842922644442 -0.002648884719850418 0.0005958842922644442 0.010003327217598027
0.006976161560285434 -0.003502771301985908 0.006896281847763082 -0.003502771301985908 0.006697041645264801 -0.0035055257748315065 0.006896281847763082 -0.0035055257748315065 0.003151116935364518
0.007389332487125188 0.002433117680278547 -0.0014451800863239368 0.002433117680278547 0.005184836053031304 -0.0037754641137001453 -0.0014451800863239368 -0.0037754641137001453 0.0002910559640182262
-0.0082064927646527 0.00477350144142195 -0.003253950588266857 0.00477350144142195 -0.002278867200925039 -0.002538705806026484 -0.003253950588266857 -0.002538705806026484 0.0019097678396148596
-0.010781006717671961 -0.003303531099487627 0.0012284948891368665 -0.003303531099487627 -0.013012129722606628 0.006562072475830482 0.0012284948891368665 0.006562072475830482 -0.015032076476045424
0.00018179520780949143 0.0038287172553817133 0.0020722817375051624 0.0038287172553817133 0.004666995158058813 0.003004211716932606 0.0020722817375051624 0.003004211716932606 -0.001930885464764447
-0.00872341550200999 0.0017490902569549554 -0.002485452664344916 0.0017490902569549554 -0.002590122632477653 -0.002278867200925039 -0.002485452664344916 -0.002278867200925039 -0.011733136164633793
0.00986376726008771 0.0024367903107393447 -0.0006895363690147883 0.0024367903107393447 0.013327057784620042 0.0027067286496079835 -0.0006895363690147883 0.0027067286496079835 0.003998576414193612
-0.003446763687458742 0.004573343081308469 -0.003167643772438108 0.004573343081308469 -0.012857879243253122 -0.005121483177582541 -0.003167643772438108 -0.005121483177582541 -0.005669623273856614
-0.008298308526172644 0.0020741180527355614 0.0055328177891918965 0.0020741180527355614 -0.014902616252302301 1.1017891382393419e-05 0.0055328177891918965 1.1017891382393419e-05 -0.021192914074033745
-0.019344662794637247 0.010727753575990394 0.005566789620954276 0.010727753575990394 -0.020956029409312286 -0.0027434549542159617 0.005566789620954276 -0.0027434549542159617 -0.011222640530582898
0.00262868525231603 -0.0026672478721544075 0.00592670740611246 -0.0026672478721544075 -0.0037157838687121806 0.0014304895644807456 0.00592670740611246 0.0014304895644807456 -0.005683395638084606
0.007625298994231446 0.004096819279019954 0.00182529733901651 0.004096819279019954 0.008898783606513087 -0.0021108443573435395 0.00182529733901651 -0.0021108443573435395 0.009983127750063638
-0.015375467424130018 -0.001168814644148902 0.0014589524505519286 -0.001168814644148902 -0.004145481632625524 -0.00025892044748624537 0.0014589524505519286 -0.00025892044748624537 -0.014077192556237994
-0.0007345260921595613 0.0044732639012517285 -0.0026966289158407894 0.0044732639012517285 0.008310244575170237 0.004397974976805373 -0.0026966289158407894 0.004397974976805373 0.0069256628914494646
-0.019261110451654097 -0.002906887009721464 -0.0050416034650601895 -0.002906887009721464 -0.025030812905567454 0.006072694466929173 -0.0050416034650601895 0.006072694466929173 -0.02691487233195673
0.013209533609874511 0.0073241432964460266 0.004913979556547466 0.0073241432964460266 0.011937885312823271 0.0021797061784834984 0.004913979556547466 0.0021797061784834984 0.012661393513600438
-0.0027140739105295793 0.00010558812574793694 -0.0019823022912156163 0.00010558812574793694 -0.013518952726196727 -0.0033081218875636244 -0.0019823022912156163 -0.0033081218875636244 -0.009413870028639977
0.014513317423457734 0.002083299628887556 0.005607188556023051 0.002083299628887556 0.007376478280512396 -0.0033228124094068154 0.005607188556023051 -0.0033228124094068154 0.00793930889862966
0.0066961234876496 -0.0018666144317004854 -0.0011128070296217353 -0.0018666144317004854 -0.010656137282004836 -0.003721292814403378 -0.0011128070296217353 -0.003721292814403378 -0.004851544838713903
-0.012564986964004496 0.00304736512484698 0.009834386216401326 0.00304736512484698 -0.009537821306691905 -0.008402978494305382 0.009834386216401326 -0.008402978494305382 -0.01244287200118297
0.008377270081079797 -0.001579231098143057 0.0030932730056069525 -0.001579231098143057 0.016383604485619017 0.004389711558268578 0.0030932730056069525 0.004389711558268578 0.006473929344771334
-0.01266231167121564 0.002408327424668162 -0.0035339886609026894 0.002408327424668162 0.004297895796748634 -0.0005784392975756546 -0.0035339886609026894 -0.0005784392975756546 -0.008622418164338052
-0.0038856430275240796 0.0022100053797850802 -0.003558778916513075 0.0022100053797850802 -0.010218176099554699 0.007888810229793689 -0.003558778916513075 0.007888810229793689 0.0008263418536795065
0.013591487177797484 -0.0006601553253284058 0.004948869545925045 -0.0006601553253284058 0.011613775674657864 8.263418536795066e-06 0.004948869545925045 8.263418536795066e-06 0.018440277543665787
0.005607188556023051 -0.002936268053407847 -0.0017243000013445703 -0.002936268053407847 -0.0036891572978713966 -0.0017931618224845292 -0.0017243000013445703 -0.0017931618224845292 0.008711479453012398
-0.00882349468206673 -0.0010274183714081863 0.0061957275873659 -0.0010274183714081863 -0.016857373815061933 -0.002229286689704269 0.0061957275873659 -0.002229286689704269 -0.013991803898024444
-0.012218841543074302 -0.0012064591063720796 0.00629672492503784 -0.0012064591063720796 -0.01701070613680024 -0.0022467316843930584 0.00629672492503784 -0.0022467316843930584 -0.014247051715049891
-0.004070192708179169 0.004360330514582196 0.011971857144585651 0.004360330514582196 -0.010703881477995208 -0.000817160277527512 0.011971857144585651 -0.000817160277527512 -0.017608426744295087
0.010171350061179526 0.0051637184278817165 0.004078456126715964 0.0051637184278817165 0.006170937331755515 -0.002778344943593541 0.004078456126715964 -0.002778344943593541 0.007303025671296439
0.024529498847668554 -0.0008878584138978698 0.0008208329079883099 -0.0008878584138978698 0.02367744858076346 -0.0026883654973039947 0.0008208329079883099 -0.0026883654973039947 0.02111762514958739
0.0025726776377888636 -0.006516164595070509 -0.0026415394589288225 -0.006516164595070509 -0.0021301256672627282 -0.005386830728375183 -0.0026415394589288225 -0.005386830728375183 0.009198102989068108
0.01985699474391854 -0.004969069013459432 0.005397848619757576 -0.004969069013459432 0.012496125142864538 0.0011440243885385167 0.005397848619757576 0.0011440243885385167 0.01890486529695671
-0.005115056074276146 -0.003919614859286459 -0.0017077731642709804 -0.003919614859286459 0.0006041477108012392 -0.005623715393096642 -0.0017077731642709804 -0.005623715393096642 0.00785483839803131
0.015614188404081877 -0.005238089194712871 -0.00321538796842848 -0.005238089194712871 0.010525758900646514 0.007522465341329107 -0.00321538796842848 0.007522465341329107 0.001560867945839068
0.01070112700514961 0.005095774764356957 -0.000616083759798832 0.005095774764356957 0.01068368201046082 -0.0033723929206275864 -0.000616083759798832 -0.0033723929206275864 0.00014506890320151335
0.0009117305118930555 0.004047238767799183 -0.003307203729948425 0.004047238767799183 0.006790693722015145 -0.0010219094257169898 -0.003307203729948425 -0.0010219094257169898 0.011862596388376915
0.013190252299955322 -0.005247270770864867 -0.0027664088945959482 -0.005247270770864867 0.006710814009492793 0.0002341301918758602 -0.0027664088945959482 0.0002341301918758602 0.014088210447620386
0.01525794324938449 -0.0009053034085866594 -0.00041867987253095003 -0.0009053034085866594 0.0017729623549501412 -0.003960931951970435 -0.00041867987253095003 -0.003960931951970435 0.007706096864368998
-0.0013827453684903742 -0.003174989033359704 -0.00063628322733322 -0.003174989033359704 0.00834146193408702 -0.007179074393244512 -0.00063628322733322 -0.007179074393244512 -0.005699922475158196
0.011745990371246585 0.0014864971790079123 -0.0039802132618896235 0.0014864971790079123 0.01580883781850416 0.003015229608314999 -0.0039802132618896235 0.003015229608314999 0.009037425406408204
0.019131650227910975 -0.0010779170402441562 -0.0006555645372524085 -0.0010779170402441562 0.01458952450551929 -0.004006839832730407 -0.0006555645372524085 -0.004006839832730407 0.011210704481585307
-0.030672891450968083 -0.002061263846122769 -0.005222480515254481 -0.002061263846122769 -0.02804328804103685 -0.008528766087587706 -0.005222480515254481 -0.008528766087587706 -0.031606657745625925
-0.0132278967621785 0.005997405542482819 0.0034284005351547524 0.005997405542482819 -0.016354223441932634 0.011283238933186062 0.0034284005351547524 0.011283238933186062 -0.010661646227696034
0.002242140896317061 -0.000983346805878613 0.0056549327520134226 -0.000983346805878613 0.015267124825536481 0.0024523989901977356 0.0056549327520134226 0.0024523989901977356 0.008963054639577047
-0.005449265446208746 -0.0035055257748315065 -0.007208455436930896 -0.0035055257748315065 -0.003826880940151315 0.005217889727178484 -0.007208455436930896 0.005217889727178484 0.0024624987239649297
0.009837140689246925 -0.0007639071358459438 -0.0020052562315956025 -0.0007639071358459438 -0.002235713793010665 0.0004884598512861083 -0.0020052562315956025 0.0004884598512861083 -0.00540794835352477
0.0006454648034852146 0.00477258328380675 -5.6925772142366004e-05 0.00477258328380675 0.009782051232334959 -0.006270098354197055 -5.6925772142366004e-05 -0.006270098354197055 0.003735983336246569
-0.008161503041507926 0.002600222366244847 -0.006658479025426424 0.002600222366244847 -0.0180895413346596 0.006537282220220096 -0.006658479025426424 0.006537282220220096 -0.017241163698215302
-0.036259880539456744 0.0102163397843243 0.00917606720630332 0.0102163397843243 -0.03254776930120536 -0.004692703571284398 0.00917606720630332 -0.004692703571284398 -0.03556299890952037
-0.02438442994446704 0.010317337121996239 0.009636982329133445 0.010317337121996239 -0.016788511993921975 0.007819030251038531 0.009636982329133445 0.007819030251038531 -0.024465227814604588
-0.011427389678772376 0.006770494254480756 -0.002402818478976965 0.006770494254480756 -0.010235621094243487 0.008057751230990388 -0.002402818478976965 0.008057751230990388 -0.005104956340508952
-0.003453190790765138 -0.0012018683182960822 -0.00014874153366231118 -0.0012018683182960822 -0.011728545376557795 0.005062721090209776 -0.00014874153366231118 0.005062721090209776 -0.0035046076172163074
0.002485452664344916 0.0006720913743259987 0.009490077110701533 0.0006720913743259987 -0.002481780033884118 8.814313105914735e-05 0.009490077110701533 8.814313105914735e-05 -0.005749502986378966
0.014724493674953609 -0.0006583190100980068 0.002086972259348354 -0.0006583190100980068 0.004335540258971811 -0.0027618181065199505 0.002086972259348354 -0.0027618181065199505 0.008300144841403043
-0.00520778999341129 0.0011256612362345278 -0.0004994777426685017 0.0011256612362345278 -0.002458826093504132 -0.003728638075324973 -0.0004994777426685017 -0.003728638075324973 0.0052821607602424455
0.007204782806470097 -0.006399558577940178 -0.0013074564440440192 -0.006399558577940178 0.013570369552647895 0.002915150428258259 -0.0013074564440440192 0.002915150428258259 0.0016802284358149967
-0.010880167740113501 0.0018041797138669225 -0.00668143296580641 0.0018041797138669225 -0.002470762142501725 -0.0033760655510883843 -0.00668143296580641 -0.0033760655510883843 0.004011430620806404
0.020996428344381063 -0.0007198355703163701 -0.002347729022064998 -0.0007198355703163701 0.01723106396444811 0.01078284303290236 -0.002347729022064998 0.01078284303290236 0.020569485053313318
0.018323671526535457 -0.003713947553481782 -0.0015948397776014477 -0.003713947553481782 0.02119842301972494 -0.003912269598364864 -0.0015948397776014477 -0.003912269598364864 0.02269318361726965
0.017138330045312965 -0.001193604899759287 -0.00406927455056397 -0.001193604899759287 0.01630923371878786 -0.001906095209154062 -0.00406927455056397 -0.001906095209154062 0.01503574910650622
-0.00659788062282326 -0.006237962837665075 -0.004787273805649941 -0.006237962837665075 -0.00202637385674519 -0.004083965072407161 -0.004787273805649941 -0.004083965072407161 0.0009457023436554353
0.005152700536499323 -0.006439957513008954 -0.0006941271570907855 -0.006439957513008954 -0.005187590525876902 0.005366631260840795 -0.0006941271570907855 0.005366631260840795 -0.00410324638232635
0.011246512628578084 0.0025818592139408582 0.0032227332293500756 0.0025818592139408582 0.011970938986970452 -0.002759063633674352 0.0032227332293500756 -0.002759063633674352 0.001426816934019948
-0.01043302498151137 0.0035844873297386595 -0.0017160365828077751 0.0035844873297386595 -0.01913715917360217 -0.0032778226862620425 -0.0017160365828077751 -0.0032778226862620425 -0.01829061785238828
-0.0008199147503731103 0.003040938021540584 0.006483110920923328 0.003040938021540584 0.0039802132618896235 -0.0011945230573744867 0.006483110920923328 -0.0011945230573744867 0.008095395693213566
0.0007675797663067416 -0.0020015836011348046 0.0013754001075687787 -0.0020015836011348046 0.0024055729518225634 0.00024055729518225634 0.0013754001075687787 0.00024055729518225634 0.0021576703957187113
-0.0204326795686486 -0.004044484294953585 -0.002748045742291959 -0.004044484294953585 -0.015582052887549895 0.00708266784364857 -0.002748045742291959 0.00708266784364857 -0.01643869394253098
-0.011380563640397204 0.001796834452945327 0.0028077259872799237 0.001796834452945327 -0.004998450057145815 0.007337915660674018 0.0028077259872799237 0.007337915660674018 -0.013154444152962545
0.00024422992564305417 0.0027801812588239398 -0.003325566882252414 0.0027801812588239398 -0.0067319316346423795 0.0034164644861571594 -0.003325566882252414 0.0034164644861571594 -0.0028159894058167184
0.012536524077933313 0.0005729303518844579 0.0012128862096784758 0.0005729303518844579 0.012098562895483174 -0.0003544088394669884 0.0012128862096784758 -0.0003544088394669884 0.009119141434160954
-0.012786262949267563 -0.0007097358365491763 -0.0024294450498177494 -0.0007097358365491763 -0.014446291917548175 -0.0010880167740113503 -0.0024294450498177494 -0.0010880167740113503 0.0035661241774346706
-0.0032163061260436793 -0.0022412227387018616 0.009270637440668864 -0.0022412227387018616 -0.012345547293971828 0.008750042072850775 0.009270637440668864 0.008750042072850775 -0.017254017904828098
-0.016906954326282704 0.011925031106210479 0.004747793028196365 0.011925031106210479 -0.008073359910448778 -0.00584315506312931 0.004747793028196365 -0.00584315506312931 -0.01240614569657499
0.0024239361041265527 0.0030464469672317803 -0.00035624515469738727 0.0030464469672317803 -0.009078742499092178 0.006592371677132063 -0.00035624515469738727 0.006592371677132063 0.005689822741391002
-0.031344982825294083 -0.006550136426832889 0.006175528119831512 -0.006550136426832889 -0.027397823237551636 -0.0016719650172782015 0.006175528119831512 -0.0016719650172782015 -0.02714073910529579
-0.02630429751784909 0.007827293669575325 0.010063007462585991 0.007827293669575325 -0.022999848260746268 0.007701506076293001 0.010063007462585991 0.007701506076293001 -0.028046960671497652
0.005780720345295747 0.007650089249841831 0.0010393544204057793 0.007650089249841831 -0.010208076365787504 0.007896155490715285 0.0010393544204057793 0.007896155490715285 -0.0026048131543208444
-0.01843935938605059 -0.00022770308856946402 0.004455818906562939 -0.00022770308856946402 -0.013738392396229395 -0.0046054785978404495 0.004455818906562939 -0.0046054785978404495 -0.008229446705032685
-0.011483397293299542 -0.000808896858990717 0.004908470610856269 -0.000808896858990717 -0.006154410494681925 0.009702171519812605 0.004908470610856269 0.009702171519812605 -0.017435813112637588
-0.008455313478371751 0.006941271570907855 -0.004182207937233503 0.006941271570907855 -0.011150106078982142 0.0072011101760093 -0.004182207937233503 0.0072011101760093 0.003042774336770983
0.00860864580011006 -0.0032172242836588792 0.006464747768619339 -0.0032172242836588792 0.002823334666738314 0.00364967652041782 0.006464747768619339 0.00364967652041782 -0.0049213248174690616
0.00839104244530779 0.0063968041050945805 -0.001664619756356606 0.0063968041050945805 0.01131904708017884 -0.0048322635287947144 -0.001664619756356606 -0.0048322635287947144 -0.001512205592233497
0.003018902238775797 0.008582019229269275 -0.00629764308265304 0.008582019229269275 -0.006506064861303314 -0.0009199939304298507 -0.00629764308265304 -0.0009199939304298507 0.004011430620806404
0.012405227538959791 -0.002473516615347323 0.010218176099554699 -0.002473516615347323 0.011555931744900298 -0.002531360545104888 0.010218176099554699 -0.002531360545104888 0.003174989033359704
-0.023133899272565386 0.005922116618036463 -0.0018767141654676793 0.005922116618036463 -0.015514109224025135 -0.005194017629183299 -0.0018767141654676793 -0.005194017629183299 -0.02245629895254819
0.0035927507482754546 0.0039186967016712594 -0.0009429478708098369 0.0039186967016712594 -0.011015136909547822 0.006751212944561568 -0.0009429478708098369 0.006751212944561568 -0.005306951015852831
-0.009486404480240735 0.0029638127818638303 0.001627893451748628 0.0029638127818638303 0.005043439780290588 -0.0030822551142245594 0.001627893451748628 -0.0030822551142245594 -0.002636948670852825
0.002617667360933637 -0.0004691785413669198 -0.002150325134797116 -0.0004691785413669198 -0.0037075204501753863 0.005489664381277522 -0.002150325134797116 0.005489664381277522 -0.0008538865821354902
-0.004297895796748634 0.0027030560191471857 0.003720374656788178 0.0027030560191471857 0.00249463424049691 -0.000617920075029231 0.003720374656788178 -0.000617920075029231 0.001929049149534048
