-0.007810766832501735 0.0016095302994446389 -0.0005334495744308814 0.0016095302994446389 -0.0005022322155141001 0.0015663768915302645 -0.0005334495744308814 0.0015663768915302645 -0.016278934517486278
-0.00453753493431569 0.005083838715359364 -0.005738485094996573 0.005083838715359364 -0.009017225938873814 0.0005343677320460809 -0.005738485094996573 0.0005343677320460809 -0.010210830838633103
-0.01396425916956846 0.003455945263610736 0.004431028650952554 0.003455945263610736 0.0004710148565973187 -8.722497344394792e-05 0.004431028650952554 -8.722497344394792e-05 0.006215927054900289
-0.0016976734305037863 -0.000845623163598695 -0.0030400198639253845 -0.000845623163598695 -0.0009640654959594242 0.009928038293151671 -0.0030400198639253845 0.009928038293151671 -0.005702676948003795
-0.005205953678180892 0.0018803867959284772 -0.001416717200252754 0.0018803867959284772 -0.02014805070793677 -0.0014763974452407182 -0.001416717200252754 -0.0014763974452407182 -0.008752796545696372
-0.018482512793964963 -9.916102244154078e-05 0.0075527645426306895 -9.916102244154078e-05 -0.017290744209436076 -0.002711319437683981 0.0075527645426306895 -0.002711319437683981 -0.011678964865337026
0.013115881533124167 -0.0015076148041574995 0.0038663617176048913 -0.0015076148041574995 0.01445547349370017 0.0036441675747266237 0.0038663617176048913 0.0036441675747266237 0.015393830576434007
-0.004757892761963559 -0.003593668905890654 -0.004121609534630338 -0.003593668905890654 0.011317210764948443 -0.0036717123031826076 -0.004121609534630338 -0.0036717123031826076 0.00961127391590786
0.006742949526024773 -0.00224397721154746 -0.002945449629559841 -0.00224397721154746 0.007343424606365215 0.0012863388188944318 -0.002945449629559841 0.0012863388188944318 0.007549091912169892
-0.0012845025036640329 -0.0010402725780209788 -0.003517461823829099 -0.0010402725780209788 -0.00792002758871047 -0.0040867195452527596 -0.003517461823829099 -0.0040867195452527596 -0.017236572910139306
-0.006170937331755515 0.006083712358311568 0.0005876208737276491 0.006083712358311568 -0.019170212847749352 -0.004334622101356611 0.0005876208737276491 -0.004334622101356611 -0.00022678493095426458
-0.009911511456078081 -0.002937186211023046 0.008621500006722852 -0.002937186211023046 -0.0064776019752321315 -0.0005729303518844579 0.008621500006722852 -0.0005729303518844579 -0.014718984729262408
0.004566915978002073 0.002217350640706676 -0.003029920130158191 0.002217350640706676 -0.0014571161353215296 0.0001615957402751035 -0.003029920130158191 0.0001615957402751035 -0.009236665608906484
0.003782809374621741 0.004649550163370024 -0.0020557549004315725 0.004649550163370024 -0.0036983388740233917 -0.0026231763066248332 -0.0020557549004315725 -0.0026231763066248332 -0.015152355123636552
-0.016686596498634836 0.010189713213483515 -0.0021962330155570887 0.010189713213483515 0.0004214343453765483 -0.002353237967756195 -0.0021962330155570887 -0.002353237967756195 -0.002089726732193952
-0.021941212530421295 -0.0007253445160075669 -0.005946906873646849 -0.0007253445160075669 -0.026561381650104937 0.0072506906872300695 -0.005946906873646849 0.0072506906872300695 -0.009199939304298506
-0.006350896224334607 0.001483742706162314 0.005809183231366931 0.001483742706162314 -0.015448920033345973 0.005093938449126558 0.005809183231366931 0.005093938449126558 -0.006742949526024773
-0.02984104065159738 -0.0024487263597369377 0.008001743616463221 -0.0024487263597369377 -0.023806908804506585 -0.0007014724180123811 0.008001743616463221 -0.0007014724180123811 -0.01446740954269776
-0.006265507566121058 -0.002636948670852825 0.00663185245458564 -0.002636948670852825 -0.0025194244961072956 0.008232201177878285 0.00663185245458564 0.008232201177878285 -0.011027991116160615
0.003427482377539553 0.0025350331755656865 -0.0029610583090182315 0.0025350331755656865 -0.009300018484355247 0.0009521294469618315 -0.0029610583090182315 0.0009521294469618315 -0.0014231443035591501
0.00028279254548143116 -0.004493463368786117 0.0027755904707479425 -0.004493463368786117 -0.007141429931021336 -0.0011926867421440876 0.0027755904707479425 -0.0011926867421440876 -0.01719433765984013
-0.022782244905943994 0.004408992868187767 -0.0016701287020478026 0.004408992868187767 -0.011889222959217701 -0.0015425047935350787 -0.0016701287020478026 -0.0015425047935350787 -0.025155682341234577
-0.0035422520794394846 0.010289792393540255 -0.0039545048486640385 0.010289792393540255 -0.01585750017210973 0.003342093719326004 -0.0039545048486640385 0.003342093719326004 -0.004301568427209431
-0.0199249384074433 0.00022127598526306785 0.005608106713638252 0.00022127598526306785 -0.001483742706162314 -0.0011779962203008966 0.005608106713638252 -0.0011779962203008966 -0.018932410025412693
0.001526896114076688 0.0043924660311141775 -0.0017307271046509665 0.0043924660311141775 0.0019079315243844606 0.005076493454437768 -0.0017307271046509665 0.005076493454437768 0.004499890472092513
-0.003396265018622772 -0.0050709845087465715 -0.0003195188500894092 -0.0050709845087465715 0.0017261363165749692 0.0014938424399295078 -0.0003195188500894092 0.0014938424399295078 0.004673422261365209
-0.015670196018609042 -0.0007758431848435368 0.0005857845584972502 -0.0007758431848435368 -0.015212035368624515 0.002573595795404063 0.0005857845584972502 0.002573595795404063 -0.0002111762514958739
-0.016825238298529954 -0.003555106286052277 0.005669623273856614 -0.003555106286052277 -0.010225521360476294 0.005785311133371745 0.005669623273856614 0.005785311133371745 -0.011683555653413023
0.007053286799962188 0.0014727248147799205 0.0006886182113995888 0.0014727248147799205 0.0046862764679780015 0.003435745796076348 0.0006886182113995888 0.003435745796076348 0.005109547128584948
0.0033081218875636244 -0.0003966440897661631 -0.004140890844549527 -0.0003966440897661631 -0.0027012197039167868 -0.0019823022912156163 -0.004140890844549527 -0.0019823022912156163 0.01073326252168159
0.003608359427733845 -0.004532025988624493 0.0007712523967675393 -0.004532025988624493 0.001900586263462865 -0.0027269281171423717 0.0007712523967675393 -0.0027269281171423717 0.004072029023409568
0.007293844095144444 0.0011045436110849404 0.0008676589463634818 0.0011045436110849404 0.00795399942047285 -0.0025625779040216695 0.0008676589463634818 -0.0025625779040216695 -0.004248315285527863
0.003234669278347668 0.0033228124094068154 -0.0031694800876685076 0.0033228124094068154 0.00807244175283358 -0.0027122375952991803 -0.0031694800876685076 -0.0027122375952991803 -0.004580688342230064
-0.008015515980691213 -0.0006684187438652008 -0.0015911671471406496 -0.0006684187438652008 -0.015047685155503815 -0.003412791855696362 -0.0015911671471406496 -0.003412791855696362 -0.016489192611366953
-0.01880386795928477 0.0009750833873418177 0.0053216415376960225 0.0009750833873418177 -0.008465413212138945 -0.0025111610775705004 0.0053216415376960225 -0.0025111610775705004 -0.0231081908593398
-0.020316991709133467 0.004843281420177108 -0.0030326746030037892 0.004843281420177108 -0.0165764175848109 0.003937059853975249 -0.0030326746030037892 0.003937059853975249 -0.015515945539255534
0.006110338929152351 0.0023367111306826045 0.0013937632598727677 0.0023367111306826045 -0.01078376119051756 0.003053792228153376 0.0013937632598727677 0.003053792228153376 -0.0009723289144962194
-0.001930885464764447 -0.001044863366096976 0.005160045797420919 -0.001044863366096976 0.004859808257250698 -0.0031694800876685076 0.005160045797420919 -0.0031694800876685076 0.009247683500288878
-0.0194254606647748 -0.003570714965510668 -0.003211715337967682 -0.003570714965510668 -0.00030482832824621796 0.0013340830148848033 -0.003211715337967682 0.0013340830148848033 -0.021216786172028927
0.002408327424668162 0.009080578814322577 -0.004396138661574975 0.009080578814322577 -0.0028435341342727023 0.00571002220892539 -0.004396138661574975 0.00571002220892539 0.005761439035376559
0.0006574008524828074 -0.004740447767274769 -0.0011614693832273063 -0.004740447767274769 -0.00182529733901651 -0.0010678173064769623 -0.0011614693832273063 -0.0010678173064769623 0.002982175934167819
-0.004980086904841826 -0.0002993193825550213 -0.0018335607575533052 -0.0002993193825550213 -0.018272254700084287 0.0007510529292331515 -0.0018335607575533052 0.0007510529292331515 -0.021462852412902383
-0.020767807098196398 0.006136965499993136 0.002518506338492096 0.006136965499993136 -0.012438281213106972 -0.0008217510656035093 0.002518506338492096 -0.0008217510656035093 -0.0010540449422489705
-0.006691532699573603 -0.0048304272135643155 0.0005187590525876902 -0.0048304272135643155 0.0013689730042623824 0.004419092601954961 0.0005187590525876902 0.004419092601954961 -0.00499018663860902
-4.866235360557094e-05 0.0014653795538583248 -0.005878963210122089 0.0014653795538583248 -0.010637774129700848 0.0032594595339580537 -0.005878963210122089 0.0032594595339580537 -0.004277696329214245
-0.0182502189173195 -0.002498306870957708 0.005352858896612803 -0.002498306870957708 -0.009391834245875192 -0.003769955168008949 0.005352858896612803 -0.003769955168008949 -0.014991677540976647
-0.018405387554288208 -1.0099733767193969e-05 -0.0027902809925911334 -1.0099733767193969e-05 -0.008924492019738672 0.0030326746030037892 -0.0027902809925911334 0.0030326746030037892 -0.012430935952185376
-0.017622199108523074 0.0006574008524828074 -0.0010623083607857655 0.0006574008524828074 -0.02574054874211663 0.002725091801911973 -0.0010623083607857655 0.002725091801911973 -0.01039997130736419
-0.020488687183175765 -0.0014965969127751061 0.011026154800930214 -0.0014965969127751061 -0.019848731325381747 0.005804592443290933 0.011026154800930214 0.005804592443290933 -0.01960541955735389
-0.01970549873741063 0.0031961066585092916 0.0036193773191162387 0.0031961066585092916 -0.009508440263005522 0.002389964272364173 0.0036193773191162387 0.002389964272364173 -0.013985376794718049
-0.01905452498823422 0.0008511321092898917 7.804339729195339e-05 0.0008511321092898917 -0.009911511456078081 0.001170650959379301 7.804339729195339e-05 0.001170650959379301 -0.021935703584730102
-0.006617161932742449 0.005598925137486257 -0.004453982591332541 0.005598925137486257 -0.011347509966250023 0.005165554743112115 -0.004453982591332541 0.005165554743112115 -0.0008263418536795065
-0.026319906197307483 -0.0008300144841403044 -0.0001009973376719397 -0.0008300144841403044 -0.017803076158717367 -0.00381769936399932 -0.0001009973376719397 -0.00381769936399932 -0.014732757093490402
0.0015131237498486965 -7.345260921595614e-05 -2.1117625149587388e-05 -7.345260921595614e-05 0.008486530837288531 0.006406903838861774 -2.1117625149587388e-05 0.006406903838861774 -0.006804466086243136
-0.007122148621102147 0.004127118480321536 -0.003536743133748288 0.004127118480321536 -0.022818971210551972 -0.0015920853047558493 -0.003536743133748288 -0.0015920853047558493 -0.021530796076427144
0.0012835843460488334 0.006263671250890659 0.00735168802490201 0.006263671250890659 0.012800035313495555 -0.003295267680950832 0.00735168802490201 -0.003295267680950832 0.009521294469618314
-0.0058918174167348816 -0.002784772046899937 -0.003983885892350421 -0.002784772046899937 -0.009325726897580832 -0.0021053354116523427 -0.003983885892350421 -0.0021053354116523427 -0.011022482170469418
-0.023633377015233888 0.0029830940917830186 0.00018363152303989033 0.0029830940917830186 -0.027672352364496274 -0.004075701653870366 0.00018363152303989033 -0.004075701653870366 -0.012949695004773066
-0.0031281629949845317 -0.00498926848099382 0.005734812464535775 -0.00498926848099382 -0.01855596540318092 0.007110212572104554 0.005734812464535775 0.007110212572104554 -0.01950717669252755
0.0017830620887173353 0.002132880140108326 0.006391295159403384 0.002132880140108326 -0.013526297987118322 -0.005908344253808472 0.006391295159403384 -0.005908344253808472 -0.018867220834733533
-0.0012257404162912679 0.006854046597463906 0.00490663429562587 0.006854046597463906 0.009571793138454283 -0.006365586746177799 0.00490663429562587 -0.006365586746177799 0.008051324127683992
-0.00999506379906123 -0.002131961982493127 -0.003971031685737629 -0.002131961982493127 0.006140638130453933 0.0028141530905863195 -0.003971031685737629 0.0028141530905863195 0.002016274122977996
-0.00070330873324278 -0.001349691694343194 -0.004440210227104548 -0.001349691694343194 0.005269306553629653 0.005463037810436738 -0.004440210227104548 0.005463037810436738 -0.0010760807250137575
0.004587115445536461 -0.0006821911080931926 -0.00012854206612792322 -0.0006821911080931926 0.006441793828239353 -0.0007179992550859712 -0.00012854206612792322 -0.0007179992550859712 -0.008585691859730073
-0.009840813319707724 0.0047790103871131456 -0.004109673485632745 0.0047790103871131456 -0.004797373539417136 -0.0002341301918758602 -0.004109673485632745 -0.0002341301918758602 -0.007662025298839424
0.004635777799142032 0.0020704454222747635 -1.4690521843191228e-05 0.0020704454222747635 -0.004284123432520642 0.0015186326955398933 -1.4690521843191228e-05 0.0015186326955398933 0.009860094629626911
-0.02140500848314482 -0.0033016947842572286 0.002836188873351106 -0.0033016947842572286 -0.012743109541353189 -0.00493968796977305 0.002836188873351106 -0.00493968796977305 -0.012531015132242116
-0.014977905176748655 -0.0011054617687001399 0.0016884918543517914 -0.0011054617687001399 -0.013938550756342876 0.005025994785601799 0.0016884918543517914 0.005025994785601799 -0.0038746251361416865
-0.01451882636914893 -0.005000286372376214 0.004865317202941894 -0.005000286372376214 0.0029812577765526197 0.00487266246386349 0.004865317202941894 0.00487266246386349 -0.0027122375952991803
-0.01800507083406125 -0.00014965969127751064 -0.008076114383294378 -0.00014965969127751064 -0.025701067964663052 0.010122687707573954 -0.008076114383294378 0.010122687707573954 -0.030647183037742498
-0.018247464444473904 0.006881591325919891 0.006855882912694306 0.006881591325919891 -0.015879535954874516 -0.003042774336770983 0.006855882912694306 -0.003042774336770983 -0.009507522105390322
0.008014597823076014 -0.00046091512283012476 0.0009209120880450501 -0.00046091512283012476 -0.008008170719769617 0.0019969928130588073 0.0009209120880450501 0.0019969928130588073 0.001634320555055024
-0.017193419502224933 0.0001349691694343194 0.0033127126756396217 0.0001349691694343194 -0.00966269074235903 -0.0038039269997713287 0.0033127126756396217 -0.0038039269997713287 -0.0016471747616678164
-0.005503436745505514 -0.002575432110634462 0.002971158042785426 -0.002575432110634462 -0.0014929242823143085 0.007553682700245889 0.002971158042785426 0.007553682700245889 0.00594415240080125
-0.00945885975178475 -0.005575053039491071 -0.0007198355703163701 -0.005575053039491071 0.002538705806026484 0.002048409639509977 -0.0007198355703163701 0.002048409639509977 -0.002888523857417475
-0.022181769825603555 0.0014130445697919563 -0.0013083746016592187 0.0014130445697919563 -0.02235162898441545 0.005630142496403038 -0.0013083746016592187 0.005630142496403038 -0.0019492486170684358
-0.0015544408425326717 -0.006653888237350427 0.007657434510763427 -0.006653888237350427 -0.007093685735030964 0.007560109803552285 0.007657434510763427 0.007560109803552285 0.00011936048997592872
-0.02233785662018746 -0.004907552453241069 -0.0010889349316265497 -0.004907552453241069 -0.022695019932500046 -0.0036671215151066103 -0.0010889349316265497 -0.0036671215151066103 -0.010447715503354561
0.004023366669803997 -0.0025258515994136914 0.00798797125223523 -0.0025258515994136914 -0.0020135196501323976 0.004928670078390656 0.00798797125223523 0.004928670078390656 0.0032062063922764852
-0.00689995447822388 -0.003914105913595262 -0.0018381515456293025 -0.003914105913595262 0.0030703190652269664 -0.004400729449650972 -0.0018381515456293025 -0.004400729449650972 -0.01664436124833566
-0.018878238726115926 0.008075196225679176 -0.0022715219400034434 0.008075196225679176 -0.01111797056245016 -0.0010760807250137575 -0.0022715219400034434 -0.0010760807250137575 -0.023570942297400324
-0.006035050004705995 0.007780467631200154 -0.0012486943566712542 0.007780467631200154 -0.005336332059539213 0.002256831418160252 -0.0012486943566712542 0.002256831418160252 -0.0009484568165010335
-0.005629224338787838 -0.002506570289494503 0.0019492486170684358 -0.002506570289494503 -0.01634320555055024 -0.0005104956340508951 0.0019492486170684358 -0.0005104956340508951 -0.020855032071640345
-0.0013708093194927814 0.005805510600906134 0.0012606304056688473 0.005805510600906134 -0.008266173009640663 -0.00247810740342332 0.0012606304056688473 -0.00247810740342332 -0.016725159118473214
-0.009985882222909236 0.007929209164862465 0.0019262946766884495 0.007929209164862465 -0.024887580317596338 -0.005051703198827383 0.0019262946766884495 -0.005051703198827383 -0.010691945428997615
-0.013487735367279945 -7.345260921595614e-06 0.008534275033278903 -7.345260921595614e-06 0.00283067992765991 -0.0028793422812654805 0.008534275033278903 -0.0028793422812654805 -0.014097392023772382
-0.003342093719326004 0.002648884719850418 -0.005176572634494509 0.002648884719850418 0.0045953788640732554 0.0034577815788411352 -0.005176572634494509 0.0034577815788411352 -0.0013102109168896176
-0.036983388740233915 8.906128867434682e-05 -0.002627767094700831 8.906128867434682e-05 -0.03735891520485049 0.0002754472845598355 -0.002627767094700831 0.0002754472845598355 -0.038176993639993204
0.001693082642427789 0.007067977321805379 0.006586862731440867 0.007067977321805379 -0.013838471576286135 0.002439544783584943 0.006586862731440867 0.002439544783584943 -0.01324350544163689
-0.008781259431767555 0.0030703190652269664 0.0030014572440870075 0.0030703190652269664 0.001987811236906813 -0.004712903038818785 0.0030014572440870075 -0.004712903038818785 -0.009402852137257585
0.007407695639429176 0.0009502931317314325 -0.0034889989377579166 0.0009502931317314325 0.0047771740718827475 0.0038296354129969128 -0.0034889989377579166 0.0038296354129969128 0.009389079773029593
-0.04183217910610222 -0.008379106396310197 0.0014424256134783387 -0.008379106396310197 -0.03774086877277346 -0.0033375029312500072 0.0014424256134783387 -0.0033375029312500072 -0.04030987378010153
-0.019314363593335666 0.009881212254776499 0.002468007669656126 0.009881212254776499 -0.01885253031289034 0.007892482860254487 0.002468007669656126 0.007892482860254487 -0.006471174871925736
-0.0012202314706000713 -0.0019134404700756574 0.00149016980946871 -0.0019134404700756574 -0.009034670933562606 0.006557481687754484 0.00149016980946871 0.006557481687754484 -0.004761565392424357
-0.007416877215581171 -0.0031318356254453296 -0.0011697328017641014 -0.0031318356254453296 -0.009566284192763088 0.0026801020787671995 -0.0011697328017641014 0.0026801020787671995 0.006629097981740042
-0.0011724872746096998 -0.0017435813112637588 0.004272187383523049 -0.0017435813112637588 -0.005247270770864867 0.0013983540479487648 0.004272187383523049 0.0013983540479487648 0.006327024126339422
0.009596583394064669 -0.004105082697556748 0.0016765558053541988 -0.004105082697556748 0.0035615333893586733 -0.0024689258272713255 0.0016765558053541988 -0.0024689258272713255 8.263418536795066e-06
-0.004434701281413352 -0.0013561187976495902 -0.0028325162428903083 -0.0013561187976495902 -0.007706096864368998 -0.006448220931545749 -0.0028325162428903083 -0.006448220931545749 0.006322433338263425
-0.010711226738916804 -0.006762230835943962 -0.0010044644310282002 -0.006762230835943962 0.0011798325355312955 0.0012330856772128636 -0.0010044644310282002 0.0012330856772128636 0.0024386266259697436
0.00455497992900448 -0.001404781151255161 -0.005068230035900973 -0.001404781151255161 0.006493210654690522 0.0050057953180674105 -0.005068230035900973 0.0050057953180674105 0.004931424551236255
