0.01870470693684323 -0.0019106859972300588 -0.0030051298745478053 -0.0019106859972300588 0.026797348157211198 -0.0026755112906912022 -0.0030051298745478053 -0.0026755112906912022 0.01984138606446015
0.014329685900417841 2.754472845598355e-05 -0.0043667576178885925 2.754472845598355e-05 0.02179889810006538 0.0021053354116523427 -0.0043667576178885925 0.0021053354116523427 0.02004338073980403
0.005319805222465623 0.0045145809939357035 -0.004280450802059844 0.0045145809939357035 0.013869688935202918 0.005143518960347328 -0.004280450802059844 0.005143518960347328 0.016398295007462208
-0.005723794573153382 0.007153365980018929 -0.0024826981914993175 0.007153365980018929 0.009498340529238328 0.004205161877613489 -0.0024826981914993175 0.004205161877613489 0.012469498572023752
-0.012026946601497618 0.004732184348737974 -0.0030905185327613546 0.004732184348737974 0.009105369069932963 0.002726009959527172 -0.0030905185327613546 0.002726009959527172 0.00839104244530779
-0.011984711351198444 0.001966693611757226 -0.006171855489370714 0.001966693611757226 0.0074031048513531796 0.0033641295020907912 -0.006171855489370714 0.0033641295020907912 0.0034596178940715337
-0.011214377112046103 -0.0006197563902596299 -0.006639197715507235 -0.0006197563902596299 0.006417003572628968 0.0031575440386709145 -0.006639197715507235 0.0031575440386709145 -0.0030602193314597727
-0.014476591118849755 -0.002891278330263073 -0.002352319810140995 -0.002891278330263073 0.004548552825698084 0.0019070133667692612 -0.002352319810140995 0.0019070133667692612 -0.008254236960643072
-0.017008869821569843 -0.00019740388726788213 0.001536995847843882 -0.00019740388726788213 -0.0018409060184749007 0.0008492957940594928 0.001536995847843882 0.0008492957940594928 -0.006720913743259987
-0.014271841970660277 0.005379485467453588 9.365207675034407e-05 0.005379485467453588 -0.005668705116241415 -0.002272440097618643 9.365207675034407e-05 -0.002272440097618643 -0.005362040472764798
-0.009767360710491767 0.0065942079923624625 -0.0018537602250876931 0.0065942079923624625 -0.004916734029393064 -0.005933134509418857 -0.0018537602250876931 -0.005933134509418857 -0.007040432593349396
-0.008261582221564666 0.005185754210646504 -0.0036166228462706403 0.005185754210646504 -0.004379611824501385 -0.009150358793077736 -0.0036166228462706403 -0.009150358793077736 -0.008670162360328422
-0.0092091208804505 0.004603642282610051 -0.007264463051458062 0.004603642282610051 -0.006492292497075324 -0.009906920668002084 -0.007264463051458062 -0.009906920668002084 -0.00892357386212347
-0.010680009380000022 0.004008676147960806 -0.008548965555122095 0.004008676147960806 -0.008577428441193278 -0.006844865021311912 -0.008548965555122095 -0.006844865021311912 -0.006686023753882407
-0.014237870138897896 0.002939022526253445 -0.00554199936534389 0.002939022526253445 -0.007671206874991419 -0.0033200579365612174 -0.00554199936534389 -0.0033200579365612174 -0.0017353178927269636
-0.01488608941522871 0.0012753209275120385 1.4690521843191228e-05 0.0012753209275120385 -0.0024514808325825357 -0.0033127126756396217 1.4690521843191228e-05 -0.0033127126756396217 0.002565332376867268
-0.010644201233007243 -0.00140661746648556 0.0031538714082101167 -0.00140661746648556 0.0003791990950773736 -0.005115974231891345 0.0031538714082101167 -0.005115974231891345 0.003053792228153376
-0.0037396559667073666 -0.00232752955453061 0.0026433757741592214 -0.00232752955453061 -0.0022779490433098397 -0.005209626308641689 0.0026433757741592214 -0.005209626308641689 -0.00041867987253095003
0.003256705061112455 -0.00011201522905433311 0.0009732470721114188 -0.00011201522905433311 -0.008571001337886882 -0.0013827453684903742 0.0009732470721114188 -0.0013827453684903742 -0.003620295476731438
0.010145641647953941 0.002630521567546429 -0.0003764446222317752 0.002630521567546429 -0.011375972852321206 0.002491879767651312 -0.0003764446222317752 0.002491879767651312 -0.0035615333893586733
0.016498374187518948 0.002615831045703238 -0.0008997944628954626 0.002615831045703238 -0.006642870345968032 0.002730600747603169 -0.0008997944628954626 0.002730600747603169 0.00028462886071183003
0.01788571034408532 0.0005619124605020645 -0.0006647461134044031 0.0005619124605020645 0.0006785184776323948 -0.00010375181051753804 -0.0006647461134044031 -0.00010375181051753804 0.0076317260975378425
0.01706579559371221 -0.0014102900969463577 -0.0005297769439700837 -0.0014102900969463577 0.0077106876524449955 -0.004492545211170917 -0.0005297769439700837 -0.004492545211170917 0.014120345964152368
0.01749641151524075 -0.003309040045178824 -0.0004113346116093544 -0.003309040045178824 0.012235368380147894 -0.0063178425501874275 -0.0004113346116093544 -0.0063178425501874275 0.016384522643234214
0.016557136274891714 -0.0036478402051874216 0.0003911351440749664 -0.0036478402051874216 0.00976368808003097 -0.004333703943741412 0.0003911351440749664 -0.004333703943741412 0.01270821955197561
0.012792690052573961 -0.0017142002675773762 0.00247810740342332 -0.0017142002675773762 0.004476018374097327 -0.0007620708206155449 0.00247810740342332 -0.0007620708206155449 0.0021191077758803347
0.009718698356886196 -0.001101789138239342 0.004453982591332541 -0.001101789138239342 0.0032631321644188515 0.0007675797663067416 0.004453982591332541 0.0007675797663067416 -0.003023493026851794
0.005683395638084606 -0.0018656962740852857 0.003780973059391342 -0.0018656962740852857 0.0030345109182341877 0.0008226692232187088 0.003780973059391342 0.0008226692232187088 0.0029142322706430593
0.0013092927592744182 -0.0011734054322248993 -0.0006821911080931926 -0.0011734054322248993 0.0013175561778112131 0.0026700023450000054 -0.0006821911080931926 0.0026700023450000054 0.006844865021311912
-0.0003782809374621741 -0.0021539977652579134 -0.003606523112503446 -0.0021539977652579134 0.0016315660822094258 0.0027048923343775846 -0.003606523112503446 0.0027048923343775846 0.012504388561401333
-0.0017949981377149281 -0.004413583656263764 -0.0031658074572077097 -0.004413583656263764 0.00011385154428473201 0.0004434701281413352 -0.0031658074572077097 0.0004434701281413352 0.013260950436325681
-0.001811524974788518 -0.0031814161366661 -0.0007299353040835641 -0.0031814161366661 0.0005141682645116929 -0.0004205161877613489 -0.0007299353040835641 -0.0004205161877613489 0.008227610389802287
-0.0013625459009559864 -0.0015360776902286829 0.0015507682120718738 -0.0015360776902286829 0.0008896947291282687 0.0023330385002218066 0.0015507682120718738 0.0023330385002218066 0.0038599346142984946
-0.0027719178402871446 -0.0016554381802046112 0.002363337701523389 -0.0016554381802046112 -0.0024624987239649297 0.005344595478076008 0.002363337701523389 0.005344595478076008 -0.0006427103306396162
-0.006100239195385156 -0.0009502931317314325 0.001773880512565341 -0.0009502931317314325 -0.004449391803256543 0.004227197660378276 0.001773880512565341 0.004227197660378276 -0.003397183176237971
-0.01261089484476447 0.0016150392451358354 0.0014626250810127266 0.0016150392451358354 -0.00410324638232635 0.002152161450027515 0.0014626250810127266 0.002152161450027515 -0.006593289834747263
-0.013080073386131388 0.0034788992039907225 0.0009851831211090116 0.0034788992039907225 -0.005254616031786462 0.001034763632329782 0.0009851831211090116 0.001034763632329782 -0.0103834444702906
-0.010516577324494519 0.003999494571808812 0.000589457188958048 0.003999494571808812 -0.010965556398327051 0.004151908735931921 0.000589457188958048 0.004151908735931921 -0.006904545266299877
-0.010824160125586336 0.003414628170926761 0.0013910087870271693 0.003414628170926761 -0.016455220779604575 0.006975243402670235 0.0013910087870271693 0.006975243402670235 -0.0036193773191162387
-0.014324176954726646 0.001485579021392713 0.0012413490957496587 0.001485579021392713 -0.019279473603958087 0.005126992123273738 0.0012413490957496587 0.005126992123273738 -0.008122022264054351
-0.017654334625055057 0.00035991778515818507 0.0016168755603662344 0.00035991778515818507 -0.022654620997431273 0.0029785033037070213 0.0016168755603662344 0.0029785033037070213 -0.013949568647725268
-0.022610549431901696 -0.00032227332293500755 0.00040582566591815765 -0.00032227332293500755 -0.026331842246305075 0.000530695101585283 0.00040582566591815765 0.000530695101585283 -0.02166392893063106
-0.02165658366970947 0.002622258149009634 -0.00021209440911107333 0.002622258149009634 -0.029293818712938503 0.0013285740691936067 -0.00021209440911107333 0.0013285740691936067 -0.02351034389479716
-0.011147351606136544 0.004933260866466655 0.0012661393513600438 0.004933260866466655 -0.02531819623912488 0.0053785673098383875 0.0012661393513600438 0.0053785673098383875 -0.018800195328823974
-0.0037341470210161703 0.0012698119818208417 -0.0006335287544876216 0.0012698119818208417 -0.02355808809078753 0.004824000110257919 -0.0006335287544876216 0.004824000110257919 -0.011885550328756902
-0.006149819706605927 -0.00013037838135832215 -0.0041950621438462945 -0.00013037838135832215 -0.02770816051148905 0.00294728594479024 -0.0041950621438462945 0.00294728594479024 -0.011466870456225953
-0.011774453257317768 0.0012789935579728363 -0.005133419226580134 0.0012789935579728363 -0.022550869186913732 0.001512205592233497 -0.005133419226580134 0.001512205592233497 -0.014274596443505875
-0.02049695060171256 0.002670920502615205 -0.004984677692917823 0.002670920502615205 -0.021819097567599772 0.0012982748678920246 -0.004984677692917823 0.0012982748678920246 -0.016480929192830156
-0.021078144372133813 0.000778597657689135 -0.0029050506944910655 0.000778597657689135 -0.02282264384101277 -0.0009420297131946374 -0.0029050506944910655 -0.0009420297131946374 -0.020922975735165106
-0.024561634364200533 -0.001709609479501379 -0.0021696064447163043 -0.001709609479501379 -0.024975723448655483 -0.0035569426012826756 -0.0021696064447163043 -0.0035569426012826756 -0.02842156897849903
-0.022715219400034434 -0.0004049075083029582 -0.0046844401527476025 -0.0004049075083029582 -0.02074485315781641 -0.004486118107864521 -0.0046844401527476025 -0.004486118107864521 -0.028439013973187818
-0.017858165615629338 0.0028407796614271035 -0.007629889782307444 0.0028407796614271035 -0.019503504062066752 -0.006030459216629998 -0.007629889782307444 -0.006030459216629998 -0.019496158801145157
-0.017891219289776515 0.0033163853061004196 -0.008675671306019619 0.0033163853061004196 -0.02668900555861766 -0.006832928972314319 -0.008675671306019619 -0.006832928972314319 -0.011566031478667492
-0.021977938835029277 0.0018959954753868678 -0.00849203978297973 0.0018959954753868678 -0.037383705460460874 -0.010058416674509994 -0.00849203978297973 -0.010058416674509994 -0.012705465079130014
-0.022616058377592896 0.006354568854795405 -0.006723668216105585 0.006354568854795405 -0.035373858440789274 -0.008973154373344241 -0.006723668216105585 -0.008973154373344241 -0.015578380257089096
-0.014856708371542328 0.010573503096636886 -0.003388001600085977 0.010573503096636886 -0.03328229539336492 -0.0035229707695202963 -0.003388001600085977 -0.0035229707695202963 -0.014287450650118669
-0.007211209909776494 0.008169766460044721 -0.0017812257734869364 0.008169766460044721 -0.037356160732004894 0.00016985915881189857 -0.0017812257734869364 0.00016985915881189857 -0.013072728125209793
-0.00905854303155779 0.0028012988839735274 -0.0002433117680278547 0.0028012988839735274 -0.03264417585080131 0.0007179992550859712 -0.0002433117680278547 0.0007179992550859712 -0.013317876208468048
-0.01001342695136522 -0.003102454581758947 -0.003961850109585634 -0.003102454581758947 -0.02503356737841305 0.0041124279584783445 -0.003961850109585634 0.0041124279584783445 -0.009741652297266182
-0.010571666781406487 -0.0056806411652390075 -0.005608106713638252 -0.0056806411652390075 -0.027992789372200882 0.0030519559129229775 -0.005608106713638252 0.0030519559129229775 -0.012294130467520658
-0.009630555225827049 -0.0032713955829556467 -0.006024032113323603 -0.0032713955829556467 -0.027813748637236988 0.0019804659759852174 -0.006024032113323603 0.0019804659759852174 -0.015030240160815023
-0.008701379719245204 0.0012661393513600438 -0.0066786784929608115 0.0012661393513600438 -0.02212208958061559 0.0006004750803404414 -0.0066786784929608115 0.0006004750803404414 -0.015698658904680224
-0.0056934953718518 0.00477074696857635 -0.007873201550335298 0.00477074696857635 -0.021842969665594958 -0.0023550742829865938 -0.007873201550335298 -0.0023550742829865938 -0.019113287075606986
-0.0032548687458820564 0.007155202295249326 -0.005886308471043684 0.007155202295249326 -0.020354636171356643 -0.0037231291296337767 -0.005886308471043684 -0.0037231291296337767 -0.015594907094162688
-0.00033971831762379714 0.00780433972919534 -0.0013322466996544043 0.00780433972919534 -0.019231729407967715 -0.0012734846122816395 -0.0013322466996544043 -0.0012734846122816395 -0.006203072848287495
-0.002019946753438794 0.007505020346640318 0.00042418881822214665 0.007505020346640318 -0.029043161683989054 -0.0016618652835110074 0.00042418881822214665 -0.0016618652835110074 -0.007890646545024088
-0.006715404797568789 0.005789901921447742 0.00210992619972834 0.005789901921447742 -0.03192158580763934 -0.0030032935593174064 0.00210992619972834 -0.0030032935593174064 -0.014964132812520663
-0.012201396548385514 0.0044989723144773135 0.005409784668755169 0.0044989723144773135 -0.02893573724301072 -0.0006959634723211844 0.005409784668755169 -0.0006959634723211844 -0.019245501772195705
-0.018596364338249693 0.007208455436930896 0.006273770984657854 0.007208455436930896 -0.030824387457475993 -0.0004049075083029582 0.006273770984657854 -0.0004049075083029582 -0.026435594056822612
-0.01771676934288862 0.004079374284331164 0.0020282101719755886 0.004079374284331164 -0.025726776377888633 -0.00443837391187415 0.0020282101719755886 -0.00443837391187415 -0.02323122397977653
-0.014726329990184006 0.00012946022374312269 -0.002857306498500694 0.00012946022374312269 -0.017961917426146872 -0.0036864028250257986 -0.002857306498500694 -0.0036864028250257986 -0.011931458209516873
-0.010076779826813983 -0.002215514325476277 -0.003906760652673666 -0.002215514325476277 -0.012447462789258967 -0.0009016307781258615 -0.003906760652673666 -0.0009016307781258615 -0.008636190528566044
-0.004615578331607644 -0.002593795262938451 -0.004238215551760669 -0.002593795262938451 -0.006418839887859367 -9.181576151994517e-05 -0.004238215551760669 -9.181576151994517e-05 -0.008058669388605588
-0.0038957427612912733 -0.001170650959379301 -0.004149154263086322 -0.001170650959379301 -0.008403896651920581 0.001845496806550898 -0.004149154263086322 0.001845496806550898 -0.011153778709442938
-0.007919109431095271 0.0016949189576581877 -0.005126992123273738 0.0016949189576581877 -0.018177684465718744 0.0028857693845718768 -0.005126992123273738 0.0028857693845718768 -0.012981830521305047
-0.01661130757418848 0.0005646669333476628 -0.006610734829436052 0.0005646669333476628 -0.029880521429050955 0.0015819855709886552 -0.006610734829436052 0.0015819855709886552 -0.012986421309381045
-0.023123799538798194 -0.0007143266246251735 -0.006301315713113837 -0.0007143266246251735 -0.03232741147355749 0.0013588732704951886 -0.006301315713113837 0.0013588732704951886 -0.012110498944480769
-0.02558997089322392 0.0023771100657513805 -0.0037727096408545473 0.0023771100657513805 -0.024422074406690218 0.0024652531968105277 -0.0037727096408545473 0.0024652531968105277 -0.020318828024363866
-0.020240784627071913 0.0037773004289305447 0.0009760015449570171 0.0037773004289305447 -0.01709884926785939 0.002470762142501725 0.0009760015449570171 0.002470762142501725 -0.027308761948877294
-0.014028530202632424 0.0025579871159456726 0.003903088022212869 0.0025579871159456726 -0.014187371470061928 0.0018087705019429199 0.003903088022212869 0.0018087705019429199 -0.02399329480039207
-0.014386611672560208 -5.5089456911967096e-06 0.005500682272659915 -5.5089456911967096e-06 -0.012417163587957386 -0.0009603928654986265 0.005500682272659915 -0.0009603928654986265 -0.017085995061246598
-0.013843980521977332 -0.0006647461134044031 0.005143518960347328 -0.0006647461134044031 -0.013040592608677811 0.0009603928654986265 0.005143518960347328 0.0009603928654986265 -0.016330351343937448
-0.012279439945677467 -0.0006610734829436052 0.0016315660822094258 -0.0006610734829436052 -0.013848571310053329 0.0067438676836399725 0.0016315660822094258 0.0067438676836399725 -0.017372460237188827
-0.013738392396229395 -0.001719709213268573 -0.0017839802463325346 -0.001719709213268573 -0.015227644048082906 0.01061757466216646 -0.0017839802463325346 0.01061757466216646 -0.015693149958989027
-0.015177145379246937 -0.001902422578693264 -0.0028407796614271035 -0.001902422578693264 -0.015180818009707735 0.010420170774898577 -0.0028407796614271035 0.010420170774898577 -0.014726329990184006
-0.019105023657070192 -0.0025616597464064705 -0.002408327424668162 -0.0025616597464064705 -0.01746243968347837 0.006208581793978693 -0.002408327424668162 0.006208581793978693 -0.019176639951055747
-0.0214353076844464 -0.00410232822471115 -0.0005738485094996574 -0.00410232822471115 -0.024120918708904794 0.0035257252423658942 -0.0005738485094996574 0.0035257252423658942 -0.016045722483225618
-0.01796650821422287 -0.0046743404189804084 0.0018216247085557121 -0.0046743404189804084 -0.026902936282959134 0.0003388001600085977 0.0018216247085557121 0.0003388001600085977 -0.01330961278993125
-0.01962561902488828 -0.0046881127832084 0.0013322466996544043 -0.0046881127832084 -0.020658546341987664 -0.0017041005338101823 0.0013322466996544043 -0.0017041005338101823 -0.01817033920479715
-0.024110818975137602 -0.002876587808419882 -0.0010788351978593556 -0.002876587808419882 -0.010400889464979388 -0.0028674062322678875 -0.0010788351978593556 -0.0028674062322678875 -0.021912749644350114
-0.025401748582108034 -0.0030400198639253845 -0.0016591108106654092 -0.0030400198639253845 -0.00981326859125174 -0.004127118480321536 -0.0016591108106654092 -0.004127118480321536 -0.02148672451089757
-0.02451848095628616 -0.003912269598364864 -0.004199652931922292 -0.003912269598364864 -0.015085329617726993 -0.0046881127832084 -0.004199652931922292 -0.0046881127832084 -0.019277637288727688
-0.027050759659006246 -0.001750008414570155 -0.003343930034556403 -0.001750008414570155 -0.018094132122735595 -0.004017857724112801 -0.003343930034556403 -0.004017857724112801 -0.017326552356428854
-0.027673270522111475 0.00232752955453061 0.0037727096408545473 0.00232752955453061 -0.019049016042543023 -0.0016086121418294396 0.0037727096408545473 -0.0016086121418294396 -0.01364841294993985
-0.02688732760350074 0.0038893156579848775 0.01046699681327375 0.0038893156579848775 -0.0180831142313532 0.0012633848785144456 0.01046699681327375 0.0012633848785144456 -0.008930000965429867
-0.021018464127145847 0.0033044492571028265 0.007675797663067416 0.0033044492571028265 -0.02513456471608499 0.0009181576151994518 0.007675797663067416 0.0009181576151994518 -0.007492166140027527
-0.017878365083163723 0.002636030513237626 8.906128867434682e-05 0.002636030513237626 -0.03277547238977483 -0.0007492166140027525 8.906128867434682e-05 -0.0007492166140027525 -0.013020393141143425
-0.013369293034919218 0.0027535546879831558 -0.004801964327493132 0.0027535546879831558 -0.03350357137862799 -0.002481780033884118 -0.004801964327493132 -0.002481780033884118 -0.01895720028102308
-0.006420676203089766 0.003702929662099389 -0.004077537969100765 0.003702929662099389 -0.029841958809212577 -0.0006950453147059849 -0.004077537969100765 -0.0006950453147059849 -0.015879535954874516
-0.00495713296446184 0.0038755432937568855 -0.0010926075620873476 0.0038755432937568855 -0.022178097195142753 -0.0008520502669050912 -0.0010926075620873476 -0.0008520502669050912 -0.01165784724018744
-0.00609473024969396 0.0027168283833751776 0.0024771892458081207 0.0027168283833751776 -0.013783382119374169 -0.0006702550590955998 0.0024771892458081207 -0.0006702550590955998 -0.009292673223433651
