0.013557515346035104 0.00038746251361416865 0.003162134826746912 0.00038746251361416865 0.01760016332575829 0.0005747666671148567 0.003162134826746912 0.0005747666671148567 0.020087452305333604
0.014438946656626577 -0.000817160277527512 0.007456357993034748 -0.000817160277527512 0.011122561350526158 0.002772835997902344 0.007456357993034748 0.002772835997902344 0.02857031051216134
0.023176134522864558 -0.004008676147960806 0.0056806411652390075 -0.004008676147960806 0.009894066461389291 0.0031869250823572965 0.0056806411652390075 0.0031869250823572965 0.01311404521789377
0.014119427806537169 0.005588825403719062 -0.005796329024754138 0.005588825403719062 0.01793988164338209 0.0045402894071612885 -0.005796329024754138 0.0045402894071612885 0.008436032168452562
0.025776356889109408 0.005695331687082199 -0.009366125832649607 0.005695331687082199 0.012749536644659587 0.0057596027201461605 -0.009366125832649607 0.0057596027201461605 0.024883907687135543
0.03510667457476623 0.0035119528781379027 0.0009558020774226292 0.0035119528781379027 0.009120059591776154 0.0014295714068655462 0.0009558020774226292 0.0014295714068655462 0.014580342929367295
0.01952462168721634 -0.0017031823761949829 -0.0041537450511623195 -0.0017031823761949829 0.029939283516423724 0.00028279254548143116 -0.0041537450511623195 0.00028279254548143116 0.025975597091607686
0.018432014125128994 0.004591706233612458 0.0063453872786434105 0.004591706233612458 0.02831689901036629 -0.0032695592677252474 0.0063453872786434105 -0.0032695592677252474 0.014522498999609728
0.026598107954712916 -0.0020915630474243507 0.000550894569119671 -0.0020915630474243507 -0.0003287004262414037 0.006235208364819477 0.000550894569119671 0.006235208364819477 0.021584049218108713
0.02767051604926588 0.0014791519180863168 0.003352193453093198 0.0014791519180863168 0.014057911246318805 -0.0065299369592985 0.003352193453093198 -0.0065299369592985 0.009765524395261368
0.028327916901748684 0.0026929562853799916 -0.0006601553253284058 0.0026929562853799916 0.03277455423215963 0.00010466996813273751 -0.0006601553253284058 0.00010466996813273751 0.02242599975124661
0.01460421502736248 0.0014681340267039234 -0.0034853263072971187 0.0014681340267039234 0.016184364283120735 0.004082128757176762 -0.0034853263072971187 0.004082128757176762 0.010283365290233859
0.014068010980085999 -0.002883014911726278 0.0015076148041574995 -0.002883014911726278 0.017623117266138275 -0.004643123060063627 0.0015076148041574995 -0.004643123060063627 0.01751110203708394
0.02719950119266856 0.008611400272955656 0.00204290069381878 0.008611400272955656 0.019552166415672322 0.0007547255596939492 0.00204290069381878 0.0007547255596939492 0.015032994633660623
0.002089726732193952 0.002903214379260666 -0.00046275143806052363 0.002903214379260666 0.016955616679888274 -0.0013634640585711859 -0.00046275143806052363 -0.0013634640585711859 0.016090712206370393
0.023417609975662015 0.006711732167107992 -0.006072694466929173 0.006711732167107992 0.017189746871764135 -0.008191802242809508 -0.006072694466929173 -0.008191802242809508 0.022485679996234572
0.018656962740852857 -0.003588159960199457 -0.0010586357303249679 -0.003588159960199457 0.017938045328151686 -0.0038553438262224978 -0.0010586357303249679 -0.0038553438262224978 0.018985663167094262
0.017981198736066063 -0.000999873642952203 0.0028628154441918906 -0.000999873642952203 0.019152767853060564 -0.0013754001075687787 0.0028628154441918906 -0.0013754001075687787 0.028540929468474956
0.019419951719083603 -0.002131961982493127 -0.0032126334955828815 -0.002131961982493127 0.022512306567075355 -8.997944628954627e-05 -0.0032126334955828815 -8.997944628954627e-05 0.03229343964179511
0.01799864373075485 0.008314835363246235 -0.002041064378588381 0.008314835363246235 0.025681786654743865 -0.0021824606513290968 -0.002041064378588381 -0.0021824606513290968 0.01336470224684322
0.003129999310214931 0.0030749098533029637 0.0028159894058167184 0.0030749098533029637 0.019554920888517922 0.005003040845221812 0.0028159894058167184 0.005003040845221812 0.023949223234862496
0.02097898334969227 0.00024239361041265527 0.002232041162549867 0.00024239361041265527 0.028777814133196414 -0.004016939566497601 0.002232041162549867 -0.004016939566497601 0.013065382864288197
0.01733206130212005 -0.006265507566121058 0.0008199147503731103 -0.006265507566121058 0.01870929772491923 0.00370017518925379 0.0008199147503731103 0.00370017518925379 0.023488308112032372
0.01830255390138587 0.0013689730042623824 0.0030400198639253845 0.0013689730042623824 0.01727972631805368 0.0037102749230209842 0.0030400198639253845 0.0037102749230209842 0.023278968175766898
0.012120598678247963 -0.001988729394522012 0.0008704134192090803 -0.001988729394522012 0.029840122493982178 -0.0018803867959284772 0.0008704134192090803 -0.0018803867959284772 0.03015688687122599
0.018332853102687452 0.002124616721571531 0.0028958691183390704 0.002124616721571531 0.027911073344448135 0.0035091984052923048 0.0028958691183390704 0.0035091984052923048 0.02362786806954269
0.018431095967513793 -0.0013056201288136203 -0.007478393775799534 -0.0013056201288136203 0.013824699212058143 0.0008750042072850775 -0.007478393775799534 0.0008750042072850775 0.01630923371878786
0.02364072227615548 -0.0035339886609026894 -0.0008180784351427114 -0.0035339886609026894 0.014489445325462548 -0.0013239832811176094 -0.0008180784351427114 -0.0013239832811176094 0.026342860137687465
-0.006010259749095611 0.009328481370426429 -0.00044714275860213297 0.009328481370426429 0.024325667857094276 -0.00026718386602304044 -0.00044714275860213297 -0.00026718386602304044 0.00564391486063103
0.018169421047181947 -0.005067311878285774 -0.003253950588266857 -0.005067311878285774 0.009447841860402357 -0.0008465413212138945 -0.003253950588266857 -0.0008465413212138945 0.021741972327923017
0.016917972217665098 0.003112554315526141 -0.001347855379112795 0.003112554315526141 0.021984365938335672 0.0014690521843191227 -0.001347855379112795 0.0014690521843191227 0.014352639840797828
0.01888466582942232 -0.002034637275281985 0.0036368223138050285 -0.002034637275281985 0.019820268439310566 0.002097990150730747 0.0036368223138050285 0.002097990150730747 0.023716929358217037
0.023827108272040973 -0.009769197025722166 -0.005221562357639282 -0.009769197025722166 0.011155615024673339 -0.0010439452084817764 -0.005221562357639282 -0.0010439452084817764 0.02950315864920398
0.01036599947560181 0.004306159215285429 0.001126579393849727 0.004306159215285429 0.03338604720388246 -0.0002203578276478684 0.001126579393849727 -0.0002203578276478684 0.006392213317018583
0.02220656008121394 -0.0032695592677252474 -0.0034329913232307497 -0.0032695592677252474 0.016973979832192263 -0.007913600485404074 -0.0034329913232307497 -0.007913600485404074 0.010190631371098715
0.020855032071640345 -0.0025680868497128667 -0.003946241430127243 -0.0025680868497128667 0.002034637275281985 -0.002518506338492096 -0.003946241430127243 -0.002518506338492096 0.02734273378063967
0.014747447615333592 0.00012946022374312269 -0.008852875725753113 0.00012946022374312269 0.0289733817052339 0.00967921757943262 -0.008852875725753113 0.00967921757943262 0.011977366090276848
0.0123942096475774 -0.0022430590539322605 -0.008145894362049535 -0.0022430590539322605 0.021541813967809537 0.004653222793830822 -0.008145894362049535 0.004653222793830822 0.01753313781984873
0.04054308581436219 -0.0006326105968724222 -0.007386578014279589 -0.0006326105968724222 0.017157611355232156 -0.007449930889728351 -0.007386578014279589 -0.007449930889728351 -0.002006174389210802
0.02401349426792646 0.00033237305670220154 -0.00706522284895978 0.00033237305670220154 0.027478621107689193 -0.000855722897365889 -0.00706522284895978 -0.000855722897365889 0.014947605975447073
0.01343172775275278 0.0007611526630003455 -0.002307330086996222 0.0007611526630003455 0.012801871628725956 -0.0017298089470357669 -0.002307330086996222 -0.0017298089470357669 0.034048957002056464
0.02231949346788347 0.0072020283336245 -0.004215261611380683 0.0072020283336245 0.012312493619824647 0.006480356448077731 -0.004215261611380683 0.006480356448077731 0.029159767701119384
0.009315627163813636 0.00408580138763756 -0.004582524657460464 0.00408580138763756 0.017272381057132087 -0.00827535458579266 -0.004582524657460464 -0.00827535458579266 0.009540575779537503
0.029898884581354944 0.0038718706632960877 -0.0030804187989941605 0.0038718706632960877 0.018640435903779267 -0.0026920381277647926 -0.0030804187989941605 -0.0026920381277647926 0.026235435696709133
0.03491110700272875 -0.0023771100657513805 0.0018638599588548868 -0.0023771100657513805 0.011864432703607316 0.007539910336017898 0.0018638599588548868 0.007539910336017898 0.020350045383280647
0.01616049218512555 0.0005049866883596985 -0.002483616349114517 0.0005049866883596985 0.026816629467130388 0.008918064916432274 -0.002483616349114517 0.008918064916432274 0.032771799759314026
0.0281415309058632 -0.0023293658697610088 0.001113725187236935 -0.0023293658697610088 0.012749536644659587 -0.0013983540479487648 0.001113725187236935 -0.0013983540479487648 0.019719271101638625
0.028657535485605286 0.00029381043686382456 0.0013763182651839781 0.00029381043686382456 0.02027475645883429 0.00629672492503784 0.0013763182651839781 0.00629672492503784 0.023655412797998675
0.02163362972932948 0.0037102749230209842 -0.003735983336246569 0.0037102749230209842 0.02337629288297804 -0.0008520502669050912 -0.003735983336246569 -0.0008520502669050912 0.023803236174045783
0.01562153366500347 0.006072694466929173 0.005686150110930204 0.006072694466929173 0.014724493674953609 -0.0009815104906482138 0.005686150110930204 -0.0009815104906482138 0.0376775158973247
0.02237274660956504 0.0025818592139408582 -0.0008548047397506895 0.0025818592139408582 0.0164093128988446 0.0030400198639253845 -0.0008548047397506895 0.0030400198639253845 0.013403264866681596
0.029258928723560926 -0.0021613430261795095 -0.005727467203614179 -0.0021613430261795095 0.022705119666267242 0.005631978811633437 -0.005727467203614179 0.005631978811633437 0.023537888623253147
0.026852437614123162 -0.003675384933643405 0.0028527157104246965 -0.003675384933643405 0.03009353399577723 2.1117625149587388e-05 0.0028527157104246965 2.1117625149587388e-05 0.021433471369216
0.015212953526239715 -1.2854206612792324e-05 0.0005518127267348705 -1.2854206612792324e-05 0.00946253238224555 0.003182334294281299 0.0005518127267348705 0.003182334294281299 0.012276685472831868
0.0326597845302597 -0.005528227001115899 0.0003277822686262043 -0.005528227001115899 0.01786367456132053 0.0008814313105914736 0.0003277822686262043 0.0008814313105914736 0.02451297201059496
0.01555726263193951 -0.006350896224334607 -0.005871617949200493 -0.006350896224334607 0.026922217592878325 -0.002845370449503101 -0.005871617949200493 -0.002845370449503101 0.022024764873404445
0.017752577489881398 0.0020052562315956025 -0.0009824286482634133 0.0020052562315956025 0.03990221179895297 -0.005295014966855238 -0.0009824286482634133 -0.005295014966855238 0.011380563640397204
0.02680928420620879 -0.007078995213187773 -0.004145481632625524 -0.007078995213187773 0.024171417377740766 0.0018877320568500726 -0.004145481632625524 0.0018877320568500726 0.023966668229551288
0.02312747216925899 -0.0021824606513290968 0.0004251069758373461 -0.0021824606513290968 0.020669564233370057 -0.004848790365868304 0.0004251069758373461 -0.004848790365868304 0.033247405403987344
0.0071304120396389415 -0.0020236193838995913 -0.0063453872786434105 -0.0020236193838995913 0.03351734374285598 -8.630681582874845e-05 -0.0063453872786434105 -8.630681582874845e-05 0.019377716468784428
0.01987811236906813 -0.0018730415350068817 -0.001872123377391682 -0.0018730415350068817 0.022793262797326387 0.002748045742291959 -0.001872123377391682 0.002748045742291959 0.028158975900551983
0.030884985860079157 -0.0015526045273022728 0.0021273711944171294 -0.0015526045273022728 0.02898990854230749 -0.0015048603313119013 0.0021273711944171294 -0.0015048603313119013 0.018229101292169914
