0.030886822175309553 0.0057063495784645925 0.0032062063922764852 0.0057063495784645925 0.029059688521062645 -0.00044438828575653463 0.0032062063922764852 -0.00044438828575653463 0.022007319878715657
0.027486884526225983 0.00808529595944637 0.003762609907087353 0.00808529595944637 0.02523831652660253 0.001319392493041612 0.003762609907087353 0.001319392493041612 0.022350710826800253
0.02187143255166614 0.006126865766225942 0.0002681020236382399 0.006126865766225942 0.015511354751179537 0.0025157518656464977 0.0002681020236382399 0.0025157518656464977 0.018857121100966337
0.012330856772128638 0.0018611054860092886 -0.006088303146387563 0.0018611054860092886 0.001036599947560181 0.0013827453684903742 -0.006088303146387563 0.0013827453684903742 0.009836222531631725
0.005826628226055721 0.00023229387664546128 -0.008467249527369342 0.00023229387664546128 -0.006552890899678487 -8.630681582874845e-05 -0.008467249527369342 -8.630681582874845e-05 0.0032842497895684383
0.006621752720818445 0.0008144058046819136 -0.0051930994715680984 0.0008144058046819136 -0.005666868801011016 -0.0007290171464683647 -0.0051930994715680984 -0.0007290171464683647 0.004543043880006887
0.007555519015476288 -0.00024606624087345305 -0.0004030711930725593 -0.00024606624087345305 -0.008882256769439496 -0.006944026043753454 -0.0004030711930725593 -0.006944026043753454 0.002888523857417475
0.006427103306396161 -0.0017261363165749692 -8.906128867434682e-05 -0.0017261363165749692 -0.010271429241236266 -0.012399718593268596 -8.906128867434682e-05 -0.012399718593268596 -0.001485579021392713
0.0069155631576822705 -0.002384455326672976 -0.0032713955829556467 -0.002384455326672976 -0.006155328652297124 -0.007909009697328077 -0.0032713955829556467 -0.007909009697328077 0.0013203106506568115
0.00939458871872079 -0.002142061716260321 -0.0026902018125343936 -0.002142061716260321 -0.0015526045273022728 -0.0006610734829436052 -0.0026902018125343936 -0.0006610734829436052 0.008480103733982136
0.009753588346263775 -0.001560867945839068 -0.0011605512256121068 -0.001560867945839068 0.00037369014938617686 0.0032282421750412724 -0.0011605512256121068 0.0032282421750412724 0.01404964782778201
0.00792094574632567 -3.488998937757916e-05 2.2953940379986292e-05 -3.488998937757916e-05 -0.0005132501068964935 0.0026874473396887952 2.2953940379986292e-05 0.0026874473396887952 0.013102109168896175
0.004139972686934328 0.002979421461322221 0.00289770543356947 0.002979421461322221 -0.0038737069785264866 -0.0011385154428473201 0.00289770543356947 -0.0011385154428473201 0.0068880184292262866
0.003993985626117615 0.0071506115071733305 0.005697168002312598 0.0071506115071733305 -0.004292386851057437 -0.0037414922819377656 0.005697168002312598 -0.0037414922819377656 0.004592624391227657
0.006174609962216312 0.007481148248645132 0.003994903783732815 0.007481148248645132 0.0026644933993088087 -0.002235713793010665 0.003994903783732815 -0.002235713793010665 0.005797247182369338
0.004175780833927106 0.005080166084898566 -0.0007666616086915421 0.005080166084898566 0.010779170402441562 -0.0008566410549810885 -0.0007666616086915421 -0.0008566410549810885 0.005678804850008609
0.0007051450484731788 0.003974704316198427 -0.0028527157104246965 0.003974704316198427 0.012773408742654773 -0.0006702550590955998 -0.0028527157104246965 -0.0006702550590955998 0.0072332456925412805
0.003290676892874835 0.0014892516518535107 -0.0031777435062053027 0.0014892516518535107 0.01215824314047114 0.00024422992564305417 -0.0031777435062053027 0.00024422992564305417 0.008980499634265837
0.00942764239286797 -0.000999873642952203 -0.004340131047047808 -0.000999873642952203 0.010598293352247271 0.0005086593188204962 -0.004340131047047808 0.0005086593188204962 0.0065565635301392845
0.013368374877304016 -0.0008584773702114874 -0.002751718372752757 -0.0008584773702114874 0.011391581531779597 -0.002965649097094229 -0.002751718372752757 -0.002965649097094229 0.0026397031436984236
0.013927532864960483 3.305367414718026e-05 0.0015287324293070872 3.305367414718026e-05 0.013384901714377607 -0.0068604737007703035 0.0015287324293070872 -0.0068604737007703035 0.0003314548990870021
0.012917559488241087 -0.0002488207137190514 0.00365059467803302 -0.0002488207137190514 0.012178442608005527 -0.006524428013607304 0.00365059467803302 -0.006524428013607304 0.004982841377687425
0.01157062226674349 -0.0014525253472455328 0.003494507883449113 -0.0014525253472455328 0.009122814064621752 -0.001525059798846289 0.003494507883449113 -0.001525059798846289 0.012264749423834277
0.009608519443062262 -0.0006610734829436052 0.004754220131502761 -0.0006610734829436052 0.005968942656411636 0.0044080747105725675 0.004754220131502761 0.0044080747105725675 0.013456518008363165
0.009025489357410611 -0.0004976414274381028 0.005474973859434331 -0.0004976414274381028 -0.0006821911080931926 0.003812190418308124 0.005474973859434331 0.003812190418308124 0.017013460609645842
0.010995855599628634 -0.004791864593725938 0.003119899576447737 -0.004791864593725938 -0.002677347605921601 0.0006059840260316382 0.003119899576447737 0.0006059840260316382 0.01987811236906813
0.0122261868039959 -0.0069137268424518715 0.0011229067633889294 -0.0069137268424518715 0.0004884598512861083 -0.0011072980839305388 0.0011229067633889294 -0.0011072980839305388 0.01873959692622081
0.011150106078982142 -0.0016866555391213927 0.0004205161877613489 -0.0016866555391213927 0.0067815121458631505 0.0009971191701066045 0.0004205161877613489 0.0009971191701066045 0.020170086490701556
0.011868105334068112 0.0030170659235453983 0.001896913633002067 0.0030170659235453983 0.007994398355541627 0.0031814161366661 0.001896913633002067 0.0031814161366661 0.02168688287101105
0.015819855709886553 0.003018902238775797 0.003856261983837697 0.003018902238775797 0.004584360972690862 0.0019253765190732502 0.003856261983837697 0.0019253765190732502 0.022057818547551625
0.014676749478963236 0.00033971831762379714 0.0018546783827028924 0.00033971831762379714 0.0011183159753129321 -0.001014564164795394 0.0018546783827028924 -0.001014564164795394 0.021371036651382437
0.012351056239663025 -0.0010017099581826018 -0.0027085649648383825 -0.0010017099581826018 -0.0014213079883287512 -0.005271142868860052 -0.0027085649648383825 -0.005271142868860052 0.019549411942826726
0.015211117211009317 0.00029840122493982177 -0.005504354903120713 0.00029840122493982177 0.0017426631536485594 -0.006602471410899257 -0.005504354903120713 -0.006602471410899257 0.019762424509552998
0.016034704591843224 0.0026534755079264155 -0.005751339301609365 0.0026534755079264155 0.007144184403866933 -0.005384994413144785 -0.005751339301609365 -0.005384994413144785 0.021494069771819165
0.012564068806389297 0.003330157670328411 -0.005138928172271331 0.003330157670328411 0.009804087015099746 -0.003362293186860392 -0.005138928172271331 -0.003362293186860392 0.021606085000873496
0.010802124342821549 0.0003957259321509637 -0.00497457795915063 0.0003957259321509637 0.010073107196353185 -0.002220105113552274 -0.00497457795915063 -0.002220105113552274 0.017673615934974244
0.010343963692837022 -0.002044737009049179 -0.0038020906845409293 -0.002044737009049179 0.009331235843272027 -0.0016802284358149967 -0.0038020906845409293 -0.0016802284358149967 0.01613019298382397
0.008244137226875878 -0.0006684187438652008 -0.004096819279019954 -0.0006684187438652008 0.0123914551747318 -0.001634320555055024 -0.004096819279019954 -0.001634320555055024 0.015533390533944324
0.007942981529090455 0.0030069661897782047 -0.0036717123031826076 0.0030069661897782047 0.016187118755966335 -0.0025194244961072956 -0.0036717123031826076 -0.0025194244961072956 0.014136872801225957
0.00708266784364857 0.004278614486829445 -0.0025818592139408582 0.004278614486829445 0.017388068916647216 -0.002883933069341478 -0.0025818592139408582 -0.002883933069341478 0.014562897934678503
0.0038333080434577106 0.0013625459009559864 -0.002827007297199112 0.0013625459009559864 0.01612192956528717 -0.0003865443559989692 -0.002827007297199112 -0.0003865443559989692 0.016425839735918192
0.006100239195385156 -0.004084883230022361 -0.000750134771617952 -0.004084883230022361 0.014202980149520318 -0.0007850247609955312 -0.000750134771617952 -0.0007850247609955312 0.017188828714148934
0.01103533637708221 -0.007914518643019274 0.0009796741754178149 -0.007914518643019274 0.011052781371770999 -0.0029491222600206385 0.0009796741754178149 -0.0029491222600206385 0.015133991971332562
0.018636763273318473 -0.006112175244382749 0.00014139627274071558 -0.006112175244382749 0.009602092339755867 -0.0004811145903645127 0.00014139627274071558 -0.0004811145903645127 0.010478932862271343
0.02064936476583567 -0.0011862596388376916 -0.001498433228005505 -0.0011862596388376916 0.01019981294725071 -0.00012578759328232489 -0.001498433228005505 -0.00012578759328232489 0.010279692659773063
0.017680961195895843 0.00157372215245186 -0.003079500641378961 0.00157372215245186 0.012888178444554704 -0.003699257031638591 -0.003079500641378961 -0.003699257031638591 0.013707175037312615
0.0174165318027184 0.0025533963278696753 -0.0006693369014804003 0.0025533963278696753 0.015352513483750031 -0.003412791855696362 -0.0006693369014804003 -0.003412791855696362 0.015777620459587378
0.01953931220905953 0.0024276087345873505 0.002804971514434325 0.0024276087345873505 0.015147764335560554 -0.0017610263059525482 0.002804971514434325 -0.0017610263059525482 0.0157381396821338
0.01742754969410079 0.0018849775840044745 0.0010880167740113503 0.0018849775840044745 0.012179360765620727 -0.0017922436648693297 0.0010880167740113503 -0.0017922436648693297 0.013068137337133795
0.013191170457570523 0.001764698936413346 -0.0016297297669790268 0.001764698936413346 0.008667407887482824 -0.0005251861558940863 -0.0016297297669790268 -0.0005251861558940863 0.01220782365169191
0.013036001820601814 -0.0026066494695512433 -0.0038305535706121127 -0.0026066494695512433 0.0064344485673177585 0.003793827266004134 -0.0038305535706121127 0.003793827266004134 0.010451388133815359
0.010997691914859033 -0.005799083497599737 -0.005317050749620025 -0.005799083497599737 0.0052289076185608775 0.003983885892350421 -0.005317050749620025 0.003983885892350421 0.006176446277446712
0.011716609327560204 -0.004756974604348359 -0.005935888982264455 -0.004756974604348359 0.004497135999246915 -0.0006004750803404414 -0.005935888982264455 -0.0006004750803404414 0.005889062943889284
0.010972901659248647 0.0010494541541729734 -0.004024284827419197 0.0010494541541729734 0.005620042762635845 0.0033274031974828127 -0.004024284827419197 0.0033274031974828127 0.002749882057522358
0.006153492337066726 0.005968942656411636 -0.0007574800325395477 0.005968942656411636 0.003156625881055715 0.013164543886729739 -0.0007574800325395477 0.013164543886729739 -0.002533196860335287
0.0006142474445684332 0.005216053411948085 -6.427103306396161e-05 0.005216053411948085 0.0035422520794394846 0.01399823100133084 -6.427103306396161e-05 0.01399823100133084 -9.640654959594242e-05
8.17160277527512e-05 0.0013625459009559864 -0.0031841706095116985 0.0013625459009559864 0.003253032430651657 0.008311162732785437 -0.0031841706095116985 0.008311162732785437 0.007036759962888598
0.003255786903497256 -0.0036698759879522083 -0.0048010461698779336 -0.0036698759879522083 0.0034137100133115614 0.005386830728375183 -0.0048010461698779336 0.005386830728375183 0.009884884885237297
0.007474721145338736 -0.006404149366016175 -0.002500143186188107 -0.006404149366016175 0.005300523912546435 0.0027269281171423717 -0.002500143186188107 0.0027269281171423717 0.012421754376033382
0.015093593036263786 -0.0075408284936330965 0.0016334023974398247 -0.0075408284936330965 0.006041477108012392 0.002270603782388244 0.0016334023974398247 0.002270603782388244 0.01418461699721633
0.020526331645398944 -0.006068103678853176 0.002652557350311216 -0.006068103678853176 0.006368341219023397 0.004423683390030958 0.002652557350311216 0.004423683390030958 0.014155235953529946
0.01981475949361937 -0.0033365847736348078 0.0034045284371595668 -0.0033365847736348078 0.006425266991165763 0.00405366587110558 0.0034045284371595668 0.00405366587110558 0.014997186486667844
0.01846965858735217 -0.002900459906415068 0.003916860386440861 -0.002900459906415068 0.004555898086619679 0.0018803867959284772 0.003916860386440861 0.0018803867959284772 0.01749916598808635
0.014090046762850786 -0.0027627362641351504 0.003183252451896499 -0.0027627362641351504 0.0010026281157978012 -0.0007290171464683647 0.003183252451896499 -0.0007290171464683647 0.01723290027967851
0.009321136109504835 -0.003929714593053653 0.0020227012262843923 -0.003929714593053653 0.003384328969625179 -0.0011385154428473201 0.0020227012262843923 -0.0011385154428473201 0.01937404383832363
0.010975656132094246 -0.004734020663968373 0.0035073620900619054 -0.004734020663968373 0.0009172394575842522 -0.0025607415887912706 0.0035073620900619054 -0.0025607415887912706 0.022154225097147567
0.013758591863763785 -0.004784519332804343 0.004332785786126212 -0.004784519332804343 -0.001530568744537486 -0.0016802284358149967 0.004332785786126212 -0.0016802284358149967 0.023020965885895854
0.01197552977504645 -0.0037543464885505585 0.0015213871683854914 -0.0037543464885505585 0.007146938876712532 0.0006013932379556408 0.0015213871683854914 0.0006013932379556408 0.02222216876067233
0.004782683017573943 -0.00244505372927614 -0.0007629889782307444 -0.00244505372927614 0.010505559433112127 0.0011724872746096998 -0.0007629889782307444 0.0011724872746096998 0.01904075262400623
0.002730600747603169 -0.0027370278509095654 -0.0006528100644068102 -0.0027370278509095654 0.007979707833698436 0.0014598706081671283 -0.0006528100644068102 0.0014598706081671283 0.014973314388672658
0.005389585201220781 -0.004044484294953585 0.0006353650697180206 -0.004044484294953585 0.013014884195452228 -0.0009328481370426429 0.0006353650697180206 -0.0009328481370426429 0.013763182651839782
0.007761186321280966 -0.0024019003213617655 0.0021962330155570887 -0.0024019003213617655 0.015414030043968395 -0.004877253251939487 0.0021962330155570887 -0.004877253251939487 0.013588732704951884
0.014021184941710826 0.0010623083607857655 0.0024624987239649297 0.0010623083607857655 0.011835051659920931 -0.004343803677508606 0.0024624987239649297 -0.004343803677508606 0.012797280840649959
0.019652245595729066 0.0021696064447163043 0.0004425519705261357 0.0021696064447163043 0.005500682272659915 -2.4790255610385195e-05 0.0004425519705261357 -2.4790255610385195e-05 0.013036001820601814
0.02170157339285424 -0.0003351275295477999 -0.0017812257734869364 -0.0003351275295477999 0.004521008097242101 -0.0005398766777372775 -0.0017812257734869364 -0.0005398766777372775 0.01267700219305883
0.018994844743246257 -0.003056546700998975 0.0010870986163961508 -0.003056546700998975 0.009554348143765495 -0.004014185093652003 0.0010870986163961508 -0.004014185093652003 0.012204151021231112
0.011291502351722856 -0.0021842969665594957 0.004341967362278207 -0.0021842969665594957 0.00945885975178475 -0.006259998620429862 0.004341967362278207 -0.006259998620429862 0.011263957623266874
0.00862333632195325 0.0014763974452407182 0.0034844081496819192 0.0014763974452407182 0.010071270881122786 -0.007958590208548848 0.0034844081496819192 -0.007958590208548848 0.009372552935956003
0.009817859379327736 0.0042501516007582615 0.0010108915343345962 0.0042501516007582615 0.013153525995347345 -0.007359951443438806 0.0010108915343345962 -0.007359951443438806 0.006821911080931926
0.006952289462290248 0.003255786903497256 0.004610987543531646 0.003255786903497256 0.01160643041373627 -0.006885263956380688 0.004610987543531646 -0.006885263956380688 0.006118602347689146
0.008683934724556414 0.00010926075620873476 0.008931837280660266 0.00010926075620873476 0.010697454374688812 -0.0028279254548143114 0.008931837280660266 -0.0028279254548143114 0.006456484350082545
0.013742065026690193 -0.001963939138911627 0.005897326362426078 -0.001963939138911627 0.00663093429697044 0.0019391488833012422 0.005897326362426078 0.0019391488833012422 0.007551846385015489
0.014328767742802643 -0.001235840150058462 0.0008235873808339082 -0.001235840150058462 -0.003465126839762731 0.002434953995508946 0.0008235873808339082 0.002434953995508946 0.006220517842976284
0.011042681638003805 -0.00021760335480227008 -0.0006537282220220096 -0.00021760335480227008 -0.0071304120396389415 0.0014644613962431256 -0.0006537282220220096 0.0014644613962431256 0.005490582538892721
0.011440243885385167 -0.0009429478708098369 -0.0015140419074638957 -0.0009429478708098369 -0.002841697819042303 0.0007088176789339768 -0.0015140419074638957 0.0007088176789339768 0.006192973114520301
0.01404872967016681 -0.0007345260921595613 -0.0025809410563256588 -0.0007345260921595613 0.0014258987764047483 0.0003039101706310185 -0.0025809410563256588 0.0003039101706310185 0.006149819706605927
0.007999907301232822 0.0021034990964219438 -0.0029500404176358384 0.0021034990964219438 0.0019969928130588073 0.0008300144841403044 -0.0029500404176358384 0.0008300144841403044 0.0038140267335385223
-0.001359791428110388 0.00417027188823591 -0.0032594595339580537 0.00417027188823591 0.0020594275308923704 0.0013239832811176094 -0.0032594595339580537 0.0013239832811176094 0.0022770308856946402
5.6007614527166554e-05 0.004861644572481096 -0.003230078490271671 0.004861644572481096 0.005276651814551249 0.0030482832824621797 -0.003230078490271671 0.0030482832824621797 0.009564447877532689
0.0069633073536726426 0.0033274031974828127 -0.0021108443573435395 0.0033274031974828127 0.0063435509634130124 0.0020915630474243507 -0.0021108443573435395 0.0020915630474243507 0.01726136316574969
0.010823241967971136 0.0013910087870271693 -0.003218142441274078 0.0013910087870271693 0.006215008897285088 -0.0026947926006103905 -0.003218142441274078 -0.0026947926006103905 0.017963753741377275
0.014423337977168186 -0.0011247430786193284 -0.0051380100146561315 -0.0011247430786193284 0.0037956635812345335 -0.004248315285527863 -0.0051380100146561315 -0.004248315285527863 0.013481308263973549
0.018037206350593228 -0.0033218942517916164 -0.006002914488174015 -0.0033218942517916164 0.0029142322706430593 -0.0012257404162912679 -0.006002914488174015 -0.0012257404162912679 0.0078695289198745
0.016187118755966335 -0.004251987915988661 -0.00609473024969396 -0.004251987915988661 0.003350357137862799 0.0032925132081052335 -0.00609473024969396 0.0032925132081052335 0.002195314857941889
0.011495333342297137 -0.0042758600139838464 -0.0035238889271354957 -0.0042758600139838464 0.001929049149534048 0.005897326362426078 -0.0035238889271354957 0.005897326362426078 -0.0011743235898400988
0.009683808367508618 -0.005803674285675734 0.002654393665541615 -0.005803674285675734 -0.002118189618265135 0.0069688162993638385 0.002654393665541615 0.0069688162993638385 -0.0019318036223796462
0.008787686535073953 -0.004532025988624493 0.005805510600906134 -0.004532025988624493 -0.002684692866843197 0.0063968041050945805 0.005805510600906134 0.0063968041050945805 -0.0013487735367279945
0.00882441283968193 -0.002439544783584943 0.004277696329214245 -0.002439544783584943 -0.00012578759328232489 0.00504068530744499 0.004277696329214245 0.00504068530744499 -0.0001101789138239342
0.009757260976724573 -0.0010522086270185716 0.0010430270508665772 -0.0010522086270185716 0.002019946753438794 0.0018390697032445017 0.0010430270508665772 0.0018390697032445017 0.002325693239300211
0.011900240850600093 0.0016122847722902373 -0.00024606624087345305 0.0016122847722902373 0.004490708895940518 -0.0023807826962121783 -0.00024606624087345305 -0.0023807826962121783 0.0068191566080863285
0.011869941649298513 0.004147317947855923 -0.0013992722055639643 0.004147317947855923 0.002625012621855232 -0.004920406659853862 -0.0013992722055639643 -0.004920406659853862 0.009073233553400983
