0.023701320678758648 -0.0023348748154522056 0.0012753209275120385 -0.0023348748154522056 0.017566191493995912 -0.0008685771039786813 0.0012753209275120385 -0.0008685771039786813 0.01622476321818951
0.01955675720374832 0.0015627042610694667 -0.00410141006709595 0.0015627042610694667 0.021893468334430927 0.0038030088421561288 -0.00410141006709595 0.0038030088421561288 0.017694733560123833
0.02927086477255852 0.006068103678853176 -0.0014745611300103192 0.006068103678853176 0.008237710123569482 -0.00462200543491404 -0.0014745611300103192 -0.00462200543491404 0.024354130743165458
0.018897520036035117 0.0008520502669050912 -0.0008869402562826704 0.0008520502669050912 0.01919500310335974 -0.0011798325355312955 -0.0008869402562826704 -0.0011798325355312955 0.029814414080756597
0.011127152138602155 -0.005285833390703243 -0.0015461774239958767 -0.005285833390703243 0.029714334900699853 -0.0026571481383872134 -0.0015461774239958767 -0.0026571481383872134 0.01525427061892369
0.021681373925319852 -0.004640368587218029 0.0015627042610694667 -0.004640368587218029 0.013727374504847002 -0.0008189965927579109 0.0015627042610694667 -0.0008189965927579109 0.023166034789097366
0.019668772432802652 -0.0005720121942692583 0.0014359985101719424 -0.0005720121942692583 0.014959542024444666 0.0012165588401392734 0.0014359985101719424 0.0012165588401392734 0.0200975520391008
0.024141118176439182 0.0001863859958854887 0.004750547501041963 0.0001863859958854887 0.016082448787833596 -0.005872536106815694 0.004750547501041963 -0.005872536106815694 0.016340451077704644
0.010941684300331865 -0.007672125032606619 -0.005025076627986599 -0.007672125032606619 0.021127724883354584 -0.0012413490957496587 -0.005025076627986599 -0.0012413490957496587 0.007363624073899603
0.025555080903846342 0.0004746874870581165 -0.006344469121028211 0.0004746874870581165 0.02573687611165583 -0.0033806563391643816 -0.006344469121028211 -0.0033806563391643816 0.02638968617606264
0.010923321148027876 0.005377649152223189 -5.968024498796436e-05 0.005377649152223189 0.019530130632907535 -0.005456610707130341 -5.968024498796436e-05 -0.005456610707130341 0.020832996288875562
0.018260318651086696 0.00011476970189993147 -0.00014047811512551611 0.00011476970189993147 0.03207032734130165 -0.00030850095870701576 -0.00014047811512551611 -0.00030850095870701576 0.021224131432950526
0.020855950229255543 0.006829256341853522 0.0034366639536915476 0.006829256341853522 0.025546817485309545 -0.0008208329079883099 0.0034366639536915476 -0.0008208329079883099 0.020552958216239727
0.027129721213913396 0.0008768405225154763 0.0007841066033803317 0.0008768405225154763 0.016503883133210145 -0.002759981791289552 0.0007841066033803317 -0.002759981791289552 0.02465161381049008
0.01823828286832191 -0.007782303946430552 0.0025350331755656865 -0.007782303946430552 0.035179209026366995 0.005357449684688801 0.0025350331755656865 0.005357449684688801 0.014493117955923344
0.01768279751112624 -0.0014699703419343224 0.0032548687458820564 -0.0014699703419343224 0.0125594780183133 0.0007767613424587361 0.0032548687458820564 0.0007767613424587361 0.01458401555982809
0.023295495012840485 -0.0002469843984886525 0.004905716138010671 -0.0002469843984886525 0.015344250065213238 0.006606144041360055 0.004905716138010671 0.006606144041360055 0.026712877656612847
0.012755045590350783 0.005144437117962528 0.0010769988826289567 0.005144437117962528 0.018328262314611453 -0.0009236665608906485 0.0010769988826289567 -0.0009236665608906485 0.021492233456588766
0.031152169726102196 0.0033200579365612174 0.004373184721194989 0.0033200579365612174 0.024299959443868688 0.005239925509943271 0.004373184721194989 0.005239925509943271 0.028553783675087745
0.01577119335628098 -0.002492797925266511 0.00311439063075654 -0.002492797925266511 0.0065703358943672765 -0.004451228118486941 0.00311439063075654 -0.004451228118486941 0.018260318651086696
0.018724906404377618 -0.002906887009721464 0.0035771420688170638 -0.002906887009721464 0.014181862524370733 0.003359538714014794 0.0035771420688170638 0.003359538714014794 0.020510722965940552
0.0185844282892521 -0.0021090080421131406 -0.005306032858237632 -0.0021090080421131406 0.031056681334121455 0.003132753783060529 -0.005306032858237632 0.003132753783060529 0.02383537169057777
0.021520696342659948 -0.007845656821879316 -0.0037837275322369405 -0.007845656821879316 0.019802823444621774 -0.001180750693146495 -0.0037837275322369405 -0.001180750693146495 0.025932443683693313
0.021872350709281337 0.0021475706619515176 -0.005030585573677796 0.0021475706619515176 0.023111863489800596 -0.0017408268384181606 -0.005030585573677796 -0.0017408268384181606 0.01649194708421255
0.017431222324561593 0.006751212944561568 0.0016499292345134146 0.006751212944561568 0.0209349117841627 -0.003027165657312592 0.0016499292345134146 -0.003027165657312592 0.023921678506406516
0.025243825472293726 -0.0024321995226633474 -0.0008869402562826704 -0.0024321995226633474 0.028692425474982866 0.004442964699950147 -0.0008869402562826704 0.004442964699950147 0.02609495758158362
0.028357297945435067 0.0065997169380536585 -0.0028022170415887265 0.0065997169380536585 0.021981611465490075 -0.0002681020236382399 -0.0028022170415887265 -0.0002681020236382399 0.023822517483964974
0.029202002951418563 0.004499890472092513 0.0004388793400653379 0.004499890472092513 0.02038126274219743 0.0019217038886124526 0.0004388793400653379 0.0019217038886124526 0.025691886388511057
0.026166573875569175 -0.006248980729047468 -0.00027728359979023443 -0.006248980729047468 0.023715093042986638 -0.0013836635261055736 -0.00027728359979023443 -0.0013836635261055736 0.024006149007004863
0.021142415405197776 0.004263923964986254 -0.0024863708219601153 0.004263923964986254 0.025591807208454314 0.0022935577227682306 -0.0024863708219601153 0.0022935577227682306 0.018682671154078442
0.01274494585658359 -0.0021044172540371432 0.0016921644848125895 -0.0021044172540371432 0.028513384740018972 0.009238501924136883 0.0016921644848125895 0.009238501924136883 0.02215606141237797
0.03109157132349903 -0.004779928544728346 -0.004146399790240724 -0.004779928544728346 0.024031857420230448 0.0016765558053541988 -0.004146399790240724 0.0016765558053541988 0.017594654380067094
0.012768817954578775 0.00654646379637209 0.0023293658697610088 0.00654646379637209 0.0202582296217607 0.0037616917494721538 0.0023293658697610088 0.0037616917494721538 0.022499452360462566
0.019719271101638625 0.007441667471191556 -0.00157372215245186 0.007441667471191556 0.016044804325610416 0.003374229235857985 -0.00157372215245186 0.003374229235857985 0.01146870677145635
0.01945759618130678 -0.00199332018259801 1.1017891382393419e-05 -0.00199332018259801 0.017228309491602513 0.004446637330410945 1.1017891382393419e-05 0.004446637330410945 0.018390697032445016
0.019285900707264485 0.00254513290933288 -0.003129081152599731 0.00254513290933288 0.03390296994123975 0.003238341908808466 -0.003129081152599731 0.003238341908808466 0.018014252410213243
0.029745552259616635 -0.0008520502669050912 0.004544880195237286 -0.0008520502669050912 0.019433724083311593 0.005514454636887906 0.004544880195237286 0.005514454636887906 0.029957646668727713
0.021573949484341517 0.008048569654838394 0.0031281629949845317 0.008048569654838394 0.021331555873928862 -0.0013937632598727677 0.0031281629949845317 -0.0013937632598727677 0.022899769080689525
0.020433597726263797 0.0014910879670839096 0.007125821251562944 0.0014910879670839096 0.0217685988987638 0.004123445849860738 0.007125821251562944 0.004123445849860738 0.024767301670005213
0.02926535582686732 0.0071304120396389415 0.0016159574027510351 0.0071304120396389415 0.026398867752214634 -0.0014314077220959453 0.0016159574027510351 -0.0014314077220959453 0.018363152303989036
0.02932595422947049 0.0004682603837517204 0.0002469843984886525 0.0004682603837517204 0.025349413598041663 -0.000892449201973867 0.0002469843984886525 -0.000892449201973867 0.029363598691693665
0.02086237733256194 -7.620708206155449e-05 0.000313091746783013 -7.620708206155449e-05 0.02181634309475417 0.0035009349867555096 0.000313091746783013 0.0035009349867555096 0.031167778405560585
0.019176639951055747 0.0008061423861451186 -0.0019969928130588073 0.0008061423861451186 0.019311609120490066 -0.0017949981377149281 -0.0019969928130588073 -0.0017949981377149281 0.016212827169191917
0.021141497247582575 2.8462886071183002e-05 -0.0004462246009869335 2.8462886071183002e-05 0.033014193369726684 0.006143392603299531 -0.0004462246009869335 0.006143392603299531 0.03311886333785942
0.015104610927646181 -0.00023321203426066072 0.006483110920923328 -0.00023321203426066072 0.021464688728132782 0.003079500641378961 0.006483110920923328 0.003079500641378961 0.015000859117128642
0.006330696756800219 0.004737693294429171 0.0021916422274810914 0.004737693294429171 0.031521269087412374 -0.00011844233236072926 0.0021916422274810914 -0.00011844233236072926 0.014248888030280292
0.03185639661696017 0.0038039269997713287 -0.003919614859286459 0.0038039269997713287 0.02714441173575659 -0.0009842649634938122 -0.003919614859286459 -0.0009842649634938122 0.02934248106654408
0.017528547031772732 0.0025699231649432656 0.0035046076172163074 0.0025699231649432656 0.020851359441179548 0.0016967552728885866 0.0035046076172163074 0.0016967552728885866 0.012899196335937098
0.031694800876685074 -0.0005187590525876902 -0.00022862124618466345 -0.0005187590525876902 0.03417015380726279 0.0002341301918758602 -0.00022862124618466345 0.0002341301918758602 0.029998045603796486
0.0128955237054763 0.0010861804587809513 -0.0025442147517176807 0.0010861804587809513 0.030155050555995593 -0.003343930034556403 -0.0025442147517176807 -0.003343930034556403 0.025428375152948813
0.020312400921057468 -0.0010136460071801946 0.00017444994688789583 -0.0010136460071801946 0.02551560012639276 0.0036193773191162387 0.00017444994688789583 0.0036193773191162387 0.012697201660593217
0.029200166636188164 -0.003780973059391342 -0.007348933552056411 -0.003780973059391342 0.01668292386817404 0.003062055646690171 -0.007348933552056411 0.003062055646690171 0.020310564605827072
0.025554162746231138 -0.0008024697556843208 0.0008713315768242797 -0.0008024697556843208 0.023581042031167516 -0.008856548356213911 0.0008713315768242797 -0.008856548356213911 0.027838538892847375
0.01879101375267198 -0.002016274122977996 -0.0019281309919188484 -0.002016274122977996 0.01269261087251722 -0.0011844233236072926 -0.0019281309919188484 -0.0011844233236072926 0.002672756817845604
0.01562428813784907 0.005491500696507921 -0.007651925565072231 0.005491500696507921 0.028798931758346 -0.0019281309919188484 -0.007651925565072231 -0.0019281309919188484 0.02036014511704784
0.025598234311760712 -0.002571759480173664 -0.00035624515469738727 -0.002571759480173664 0.0197615063519378 0.0005554853571956682 -0.00035624515469738727 0.0005554853571956682 0.02302280220112625
0.033728519994351856 0.009081496971937776 -0.0034026921219291683 0.009081496971937776 0.018999435531322256 -0.0007565618749243482 -0.0034026921219291683 -0.0007565618749243482 0.012060918433259996
0.022414063702249014 0.0005729303518844579 -0.007237836480617278 0.0005729303518844579 0.030660037244355294 0.0010687354640921617 -0.007237836480617278 0.0010687354640921617 0.021438062157291996
0.015125728552795767 0.005266552080784055 0.0032585413763428542 0.005266552080784055 0.03088314954484876 -0.0016003487232926444 0.0032585413763428542 -0.0016003487232926444 0.03220896914119677
0.021239740112408916 -0.0014231443035591501 -0.002245813526777859 -0.0014231443035591501 0.010320091594841837 -0.0008722497344394791 -0.002245813526777859 -0.0008722497344394791 0.028418814505653426
0.011227231318658895 0.0014451800863239368 0.00025800228987104596 0.0014451800863239368 0.007830048142420923 0.0041537450511623195 0.00025800228987104596 0.0041537450511623195 0.008679343936480417
0.012310657304594248 0.001738072365572562 0.0015461774239958767 0.001738072365572562 0.025729530850734237 -0.00019281309919188483 0.0015461774239958767 -0.00019281309919188483 0.02123514932433292
0.021346246395772053 0.004296059481518235 -0.006314169919726629 0.004296059481518235 0.028221410618385546 0.002389964272364173 -0.006314169919726629 0.002389964272364173 0.013619031906253468
0.013598832438719078 -0.0050296674160625965 0.003173152718129305 -0.0050296674160625965 0.018322753368920256 -0.011425553363541976 0.003173152718129305 -0.011425553363541976 0.017695651717739035
0.014365494047410622 0.003814944891153722 0.0008529684245202907 0.003814944891153722 0.016837174347527545 0.004342885519893406 0.0008529684245202907 0.004342885519893406 0.021904486225813317
0.01673434069462521 0.0027801812588239398 0.004925915605545059 0.0027801812588239398 0.03129264784122771 0.002501979501418506 0.004925915605545059 0.002501979501418506 0.022416818175094614
0.02336343867636525 -0.003658858096569815 0.004791864593725938 -0.003658858096569815 0.01670955043901482 0.002317429820763416 0.004791864593725938 0.002317429820763416 0.02979513277083741
0.023456172595500393 0.00959382892121907 0.00393522353874485 0.00959382892121907 0.01542412977773559 0.00032594595339580535 0.00393522353874485 0.00032594595339580535 0.027783449435935408
0.028547356571781354 -0.003661612569415413 0.0036414131018810258 -0.003661612569415413 0.02770081525056746 -0.003253032430651657 0.0036414131018810258 -0.003253032430651657 0.029229547679874547
0.013603423226795076 -0.002892196487878273 0.002864651759422289 -0.002892196487878273 0.023183479783786157 0.0018409060184749007 0.002864651759422289 0.0018409060184749007 0.023335893947909265
0.02677347605921601 -0.0005995569227252419 0.0044576552217933385 -0.0005995569227252419 0.03113013394333741 -0.006256325989969063 0.0044576552217933385 -0.006256325989969063 0.010911385099030283
0.023819763011119377 0.0053785673098383875 0.0017408268384181606 0.0053785673098383875 0.018323671526535457 -0.005988223966330824 0.0017408268384181606 -0.005988223966330824 0.026070167325973233
0.02900735353699628 -0.00028371070309663056 -0.00017812257734869363 -0.00028371070309663056 0.02500785896518747 0.005595252507025459 -0.00017812257734869363 0.005595252507025459 0.0197569155638618
0.02170800049616064 0.004039893506877588 7.804339729195339e-05 0.004039893506877588 0.018155648682953957 -0.005822037437979723 7.804339729195339e-05 -0.005822037437979723 0.027483211895765188
0.024113573447983202 -0.004803800642723531 -0.005971697129257234 -0.004803800642723531 0.02183929703513416 0.005293178651624839 -0.005971697129257234 0.005293178651624839 0.028817294910649993
0.015548081055787515 -0.0019731207150636217 0.005466710440897536 -0.0019731207150636217 0.01835488888545224 -0.003278740843877242 0.005466710440897536 -0.003278740843877242 0.024288941552486298
0.018929655552567096 0.0006500555915612118 0.0011072980839305388 0.0006500555915612118 0.024848099540142762 0.0008300144841403044 0.0011072980839305388 0.0008300144841403044 0.014021184941710826
0.024890334790441934 0.0008015515980691213 -0.00160769398421424 0.0008015515980691213 0.04147685210902003 -0.003056546700998975 -0.00160769398421424 -0.003056546700998975 0.0279643264861297
0.022475580262467376 0.0010926075620873476 0.0015287324293070872 0.0010926075620873476 0.022885078558846333 -0.003423809747078755 0.0015287324293070872 -0.003423809747078755 0.026020586814752462
0.014304895644807457 -0.002121862248725933 -0.008413078228072576 -0.002121862248725933 0.007566536906858682 0.002883933069341478 -0.008413078228072576 0.002883933069341478 0.009979455119602841
0.022362646875797847 -0.0001065062833631364 -0.003711193080636184 -0.0001065062833631364 0.015246925358002095 -0.0014662977114735245 -0.003711193080636184 -0.0014662977114735245 0.016759130950235592
0.023000766418361466 0.00012119680520632764 -0.0035918325906602547 0.00012119680520632764 0.02500235001949627 0.0006445466458700151 -0.0035918325906602547 0.0006445466458700151 0.018359479673528238
0.026519146399805765 0.0012119680520632763 0.0008997944628954626 0.0012119680520632763 0.022691347302039252 -0.0039545048486640385 0.0008997944628954626 -0.0039545048486640385 0.030099042941468424
0.025091411308170615 0.0016536018649742125 0.0027048923343775846 0.0016536018649742125 0.005731139834074978 -0.0037892364779281372 0.0027048923343775846 -0.0037892364779281372 0.030688500130426476
0.019636636916270673 0.004835018001640313 0.003109799842680543 0.004835018001640313 0.025459592511865598 0.0036074412701186456 0.003109799842680543 0.0036074412701186456 0.013763182651839782
0.01182311561092334 0.0036717123031826076 -0.0022953940379986295 0.0036717123031826076 0.018062914763818813 0.004980086904841826 -0.0022953940379986295 0.004980086904841826 0.017097012952628988
0.011030745589006213 0.0013625459009559864 -0.0018886502144652723 0.0013625459009559864 0.024657122756181274 -0.004694539886514797 -0.0018886502144652723 -0.004694539886514797 0.026599944269943315
0.03086019560446877 0.0016839010662757945 -0.0010861804587809513 0.0016839010662757945 0.016704959650938826 0.0013405101181911995 -0.0010861804587809513 0.0013405101181911995 0.011490742554221138
0.02605180417366924 0.006069939994083576 -0.00019464941442228376 0.006069939994083576 0.016433184996839788 0.0021604248685643096 -0.00019464941442228376 0.0021604248685643096 0.026850601298892763
0.026319906197307483 -0.005925789248497262 0.0006124111293380343 -0.005925789248497262 0.024773728773311604 0.00016802284358149967 0.0006124111293380343 0.00016802284358149967 0.020828405500799563
0.012577841170617289 -0.003690993613101796 0.002625012621855232 -0.003690993613101796 0.024917879518897918 0.007249772529614871 0.002625012621855232 0.007249772529614871 0.02212300773823079
0.023419446290892414 0.006069021836468375 -0.0018932410025412692 0.006069021836468375 0.0205979479393845 -0.0012257404162912679 -0.0018932410025412692 -0.0012257404162912679 0.020706290537978036
0.01788662850170052 -0.0003452272633149938 0.00026626570840784103 -0.0003452272633149938 0.023199088463244543 0.003860852771913694 0.00026626570840784103 0.003860852771913694 0.01937220752309323
0.014839263376853536 0.007168974659477319 -0.003971031685737629 0.007168974659477319 0.029205675581879358 -0.003989394838041617 -0.003971031685737629 -0.003989394838041617 0.03546567420230922
0.024945424247353902 -0.0011293338666953257 0.0028554701832702945 -0.0011293338666953257 0.017041005338101826 -0.0027664088945959482 0.0028554701832702945 -0.0027664088945959482 0.03447865476596981
0.0232752955453061 -0.005001204529991413 0.006591453519516864 -0.005001204529991413 0.022364483191028243 0.0014993513856207048 0.006591453519516864 0.0014993513856207048 0.014629005282972864
0.016749949374083598 -0.0011880959540680905 0.0019079315243844606 -0.0011880959540680905 0.014907207040378298 0.006645624818813631 0.0019079315243844606 0.006645624818813631 0.02574146689973183
0.0179150913877717 -0.0011495333342297135 -0.0013322466996544043 -0.0011495333342297135 0.01962837349773388 -0.0030896003751461547 -0.0013322466996544043 -0.0030896003751461547 0.019211529940433326
0.0244459465046854 0.003807599630232126 -0.007363624073899603 0.003807599630232126 0.020388608003119025 -0.0017426631536485594 -0.007363624073899603 -0.0017426631536485594 0.018005988991676446
0.013544661139422312 -0.005619124605020644 0.00532623232577202 -0.005619124605020644 0.024821472969301976 0.004435619439028551 0.00532623232577202 0.004435619439028551 0.01902422578693264
0.030886822175309553 0.0057063495784645925 0.0032062063922764852 0.0057063495784645925 0.029059688521062645 -0.00044438828575653463 0.0032062063922764852 -0.00044438828575653463 0.022007319878715657
