0.003170398245283707 -0.0007097358365491763 -0.00038838067122936806 -0.0007097358365491763 -0.01247500751771495 0.0018803867959284772 -0.00038838067122936806 0.0018803867959284772 0.004005921675115208
-0.01227209468475587 -0.0038810522394480823 0.004729429875892375 -0.0038810522394480823 -0.005476810174664729 -0.002652557350311216 0.004729429875892375 -0.002652557350311216 -0.022796017270171984
-0.012831252672412339 0.005272061026475252 -0.0012248222586760686 0.005272061026475252 -0.008452559005526153 0.0021696064447163043 -0.0012248222586760686 0.0021696064447163043 -0.014540862151913716
-0.020844014180257952 0.005513536479272708 0.0010026281157978012 0.005513536479272708 -0.01343172775275278 -0.001634320555055024 0.0010026281157978012 -0.001634320555055024 -0.022487516311464967
0.012983666836535445 0.0063628322733322 -0.0017371542079573626 0.0063628322733322 0.00624714441381707 0.00189232284492607 -0.0017371542079573626 0.00189232284492607 0.017043759810947422
-0.015836382546960143 -0.004878171409554687 -0.0031345900982909284 -0.004878171409554687 -0.029702398851702262 -0.0030400198639253845 -0.0031345900982909284 -0.0030400198639253845 -0.02519057233061216
0.0014543616624759315 0.0061975639025962995 0.005783474818141347 0.0061975639025962995 0.014609723973053676 0.0013368374877304016 0.005783474818141347 0.0013368374877304016 0.00895938200911625
-0.010442206557663364 -0.0029638127818638303 -0.004601805967379652 -0.0029638127818638303 -0.0010393544204057793 0.0010724080945529596 -0.004601805967379652 0.0010724080945529596 0.004997531899530615
-0.004849708523483503 -0.005729303518844578 0.0018353970727837039 -0.005729303518844578 0.007443503786421954 0.0024184271584353555 0.0018353970727837039 0.0024184271584353555 0.008034797290610402
-0.009205448249989704 -0.0028545520256550955 -0.005051703198827383 -0.0028545520256550955 -0.007959508366164046 0.001026500213792987 -0.005051703198827383 0.001026500213792987 -0.013843980521977332
-0.01538832163074281 0.002362419543908189 0.00043520670960454016 0.002362419543908189 -0.02050245954740376 -0.0014176353578679536 0.00043520670960454016 -0.0014176353578679536 -0.01101972769762382
-0.024811373235534784 -0.0034577815788411352 0.0033953468610075726 -0.0034577815788411352 -0.01339591960576 0.0009071397238170583 0.0033953468610075726 0.0009071397238170583 -0.013419791703755186
0.005758684562530961 -0.001709609479501379 0.00032227332293500755 -0.001709609479501379 0.009285327962512056 0.0041418090021647265 0.00032227332293500755 0.0041418090021647265 0.0006619916405588047
-0.006843028706081514 0.0012266585739064675 -0.002663575241693609 0.0012266585739064675 -0.012606304056688472 -0.0014809882333167155 -0.002663575241693609 -0.0014809882333167155 -0.0172457544862913
0.009501095002083926 0.0017435813112637588 -0.00022770308856946402 0.0017435813112637588 0.007708851337214597 -0.0013487735367279945 -0.00022770308856946402 -0.0013487735367279945 0.009987718538139635
0.004673422261365209 -0.0028582246561158933 -0.0021191077758803347 -0.0028582246561158933 0.008059587546220787 -2.1117625149587388e-05 -0.0021191077758803347 -2.1117625149587388e-05 -0.005490582538892721
0.004645877532909225 0.0037874001626977383 -0.0025708413225584647 0.0037874001626977383 -0.006365586746177799 -0.003585405487353859 -0.0025708413225584647 -0.003585405487353859 0.009050279613020995
0.0038369806739185085 -0.007273644627610057 0.007842902349033717 -0.007273644627610057 -0.005564035148108677 -0.0010880167740113503 0.007842902349033717 -0.0010880167740113503 0.009258701391671271
-0.0247829103494636 -0.003200697446585289 0.004421847074800559 -0.003200697446585289 -0.021897140964891725 -0.0016866555391213927 0.004421847074800559 -0.0016866555391213927 -0.02257565944252412
-0.006937598940447058 0.0016765558053541988 0.0035991778515818505 0.0016765558053541988 -0.023783954864126596 0.005555771729571882 0.0035991778515818505 0.005555771729571882 -0.02325417792015651
-0.009241256396982481 0.005025076627986599 0.00567788669239341 0.005025076627986599 -0.011677128550106627 -0.007993480197926426 0.00567788669239341 -0.007993480197926426 -0.010299892127307449
0.0009805923330330143 0.0004214343453765483 0.001339591960576 0.0004214343453765483 -0.014895270991380705 -0.00045999696521492535 0.001339591960576 -0.00045999696521492535 -0.013415200915679189
-0.012352892554893424 0.0015498500544566746 0.005371222048916793 0.0015498500544566746 -0.02229837584273388 -0.0055897435613342615 0.005371222048916793 -0.0055897435613342615 -0.009080578814322577
-0.017316452622661658 -0.0032328329631172693 0.006397722262709779 -0.0032328329631172693 -0.0160769398421424 0.0009603928654986265 0.006397722262709779 0.0009603928654986265 -0.026698187134769655
-0.007845656821879316 0.011021564012854217 0.0001955675720374832 0.011021564012854217 -0.010590948091325676 0.003026247499697393 0.0001955675720374832 0.003026247499697393 -0.008568246865041283
-0.017830620887173354 0.0017252181589597698 0.0025552326431000742 0.0017252181589597698 -0.006699796118110399 -0.0017050186914253818 0.0025552326431000742 -0.0017050186914253818 -0.0098793759395461
-0.00247810740342332 0.0016021850385230434 0.0006298561240268239 0.0016021850385230434 -0.0018978317906172667 0.007472884830108338 0.0006298561240268239 0.007472884830108338 -0.013350929882615228
0.01712639399631537 0.005296851282085637 -0.00215950671094911 0.005296851282085637 0.009568120507993485 -0.0002745291269446361 -0.00215950671094911 -0.0002745291269446361 0.014655631853813647
-0.022976894320366276 -0.004864399045326695 0.0012936840798160275 -0.004864399045326695 -0.01286430634655952 -0.009229320347984888 0.0012936840798160275 -0.009229320347984888 -0.021464688728132782
-0.01462074186443607 0.003227324017426073 -0.003514707350983501 0.003227324017426073 -0.03322628777883776 0.004150072420701522 -0.003514707350983501 0.004150072420701522 -0.03162869352839071
0.0014102900969463577 0.005990060281561223 0.007194683072702904 0.005990060281561223 0.004737693294429171 -0.00022678493095426458 0.007194683072702904 -0.00022678493095426458 -0.012285867048983863
-0.018607382229632086 0.007078995213187773 -0.002617667360933637 0.007078995213187773 -0.002573595795404063 -0.0017729623549501412 -0.002617667360933637 -0.0017729623549501412 -0.02106620832313622
-0.010395380519288193 0.010020772212286816 -0.005436411239595953 0.010020772212286816 -0.00984356779255332 0.003038183548694986 -0.005436411239595953 0.003038183548694986 -0.01786551087655093
-0.0046192509620684415 0.004130791110782333 -0.0012211496282152708 0.004130791110782333 -0.017629544369444673 -0.0016104484570598383 -0.0012211496282152708 -0.0016104484570598383 -0.019968091815357678
0.014138709116456358 0.008042142551531998 0.0006922908418603866 0.008042142551531998 0.008524175299511709 -0.0025607415887912706 0.0006922908418603866 -0.0025607415887912706 0.014579424771752093
-0.020946847833160292 -0.004224443187532677 -0.0025157518656464977 -0.004224443187532677 -0.01846690411450657 -0.0035156255085987006 -0.0025157518656464977 -0.0035156255085987006 -0.010459651552352154
0.0030436924943861824 0.002423017946511353 0.00395175037581844 0.002423017946511353 0.01173956326794019 0.002989521195089415 0.00395175037581844 0.002989521195089415 0.011531141489289914
-0.0025304423874896887 -0.0026571481383872134 -0.0012395127805192598 -0.0026571481383872134 -0.01522488957523731 0.0003277822686262043 -0.0012395127805192598 0.0003277822686262043 0.003788318320312938
-0.03002467217463727 0.002453317147812935 0.01130435655833565 0.002453317147812935 -0.014545452939989713 -0.00611309340199795 0.01130435655833565 -0.00611309340199795 -0.020489605340790962
0.001969448084602824 0.0020456551666643784 -0.002593795262938451 0.0020456551666643784 0.005873454264430892 0.0049626419101530365 -0.002593795262938451 0.0049626419101530365 0.00792186390394087
-0.0010329273170993833 -0.005314296276774427 -0.0015094511193878984 -0.005314296276774427 -0.006830174499468721 -5.876208737276491e-05 -0.0015094511193878984 -5.876208737276491e-05 -0.0023201842936090146
0.0029078051673366635 -0.0013294922268088062 0.0002075036210350761 -0.0013294922268088062 -0.00017353178927269637 -0.0023504834949105964 0.0002075036210350761 -0.0023504834949105964 -0.0033779018663187828
0.016884918543517917 0.0006803547928627937 -0.0016187118755966333 0.0006803547928627937 0.012450217262104563 -0.002853633868039896 -0.0016187118755966333 -0.002853633868039896 0.01856790145217851
-0.01810055922604199 -0.006642870345968032 -0.0011247430786193284 -0.006642870345968032 -0.011947066888975266 -0.00840665112476618 -0.0011247430786193284 -0.00840665112476618 -0.0032658866372644495
-0.01684268329321874 -0.006236126522434676 0.0018161157628645156 -0.006236126522434676 -0.014863135474848722 0.0014029448360247622 0.0018161157628645156 0.0014029448360247622 -0.0038553438262224978
-0.014078110713853193 -0.0011366791276169212 0.004891025616167479 -0.0011366791276169212 -0.007521547183713909 0.006187464168829105 0.004891025616167479 0.006187464168829105 -0.017288907894205674
-0.033330957746970494 0.0033659658173211897 -0.004846954050637906 0.0033659658173211897 -0.02784955678422977 0.0035918325906602547 -0.004846954050637906 0.0035918325906602547 -0.03310600913124663
-0.009200857461913707 0.007213964382622092 0.0032208969141196767 0.007213964382622092 -0.013608932172486272 0.0035505154979762798 0.0032208969141196767 0.0035505154979762798 -0.01615681955466475
0.010233784779013088 0.001850087594626895 -0.001009973376719397 0.001850087594626895 0.011588067261432279 0.0016150392451358354 -0.001009973376719397 0.0016150392451358354 0.005966188183566037
-0.019079315243844607 0.0009475386588858341 -0.006210418109209091 0.0009475386588858341 -0.007090931262185366 -0.00321538796842848 -0.006210418109209091 -0.00321538796842848 -0.012803707943956353
-0.007997152828387224 0.0007813521305347333 -0.0008575592125962879 0.0007813521305347333 0.0009567202350378287 0.004947951388309845 -0.0008575592125962879 0.004947951388309845 -0.007266299366688461
-0.02972259831923665 -0.0013120472321200166 -0.004660568054752417 -0.0013120472321200166 -0.020828405500799563 0.0020254556991299902 -0.004660568054752417 0.0020254556991299902 -0.02453684410859015
-0.005054457671672982 0.00592670740611246 0.001904258893923663 0.00592670740611246 -0.023081564288499015 0.010496377856960133 0.001904258893923663 0.010496377856960133 -0.02339006524720603
-0.004680767522286805 0.0051793271073401065 0.004812064061260326 0.0051793271073401065 -0.004229033975608675 -0.00344951816030434 0.004812064061260326 -0.00344951816030434 -0.002199905646017886
-0.01689410011966991 -0.0015425047935350787 -0.001451607189630333 -0.0015425047935350787 -0.00465505910906122 -0.0011008709806241425 -0.001451607189630333 -0.0011008709806241425 -0.014667567902811242
-0.008536111348509302 -0.00033237305670220154 0.0005160045797420919 -0.00033237305670220154 -0.010190631371098715 0.004040811664492787 0.0005160045797420919 0.004040811664492787 -0.019622864552042683
0.015783129405278574 0.005036094519368993 -0.0008079787013755176 0.005036094519368993 0.009681053894663018 0.0005251861558940863 -0.0008079787013755176 0.0005251861558940863 0.01883692163343195
-0.0065583998453696835 -0.004887352985706681 -0.0015177145379246936 -0.004887352985706681 -0.018662471686544054 -0.002955549363327035 -0.0015177145379246936 -0.002955549363327035 -0.007031251017197401
-0.018795604540747978 -0.0029261683196406523 0.007093685735030964 -0.0029261683196406523 -0.025295242298744892 -0.00311439063075654 0.007093685735030964 -0.00311439063075654 -0.027400577710397233
-0.021655665512094267 0.005449265446208746 0.007165302029016521 0.005449265446208746 -0.01981016870554337 -0.002565332376867268 0.007165302029016521 -0.002565332376867268 -0.008899701764128284
-0.018712970355380023 6.335287544876216e-05 0.005878963210122089 6.335287544876216e-05 -0.010676336749539226 0.00437043024834939 0.005878963210122089 0.00437043024834939 -0.02396391375670569
-0.010949947718868662 0.0068347652875447185 -0.002824252824353513 0.0068347652875447185 -0.005623715393096642 0.0032392600664236655 -0.002824252824353513 0.0032392600664236655 -0.012363910446275815
-0.025155682341234577 0.0063628322733322 -0.005396012304527178 0.0063628322733322 -0.030998837404363887 0.0021356346129539246 -0.005396012304527178 0.0021356346129539246 -0.022604122328595305
-0.027013115196783066 0.0026415394589288225 0.007241509111078075 0.0026415394589288225 -0.026966289158407895 0.003250277957806059 0.007241509111078075 0.003250277957806059 -0.01897097264525107
0.005986387651100425 0.003302612941872428 0.005902835308117274 0.003302612941872428 0.011903913481060891 0.0011614693832273063 0.005902835308117274 0.0011614693832273063 -0.00845623163598695
-0.0308087787780176 0.005742157725457371 -0.005137091857040932 0.005742157725457371 -0.01852199357141854 -0.005123319492812941 -0.005137091857040932 -0.005123319492812941 -0.02582501924271498
-0.005301442070161634 0.005002122687606613 -0.0014791519180863168 0.005002122687606613 -0.012299639413211855 0.007799748941119343 -0.0014791519180863168 0.007799748941119343 -0.002510242919955301
-0.01525794324938449 -0.0034669631549931294 0.003720374656788178 -0.0034669631549931294 0.0010118096919497957 -0.0033191397789460175 0.003720374656788178 -0.0033191397789460175 -0.006102075510615556
-0.010443124715278564 -0.00014139627274071558 -0.003664367042261012 -0.00014139627274071558 -0.007859429186107306 0.007085422316494169 -0.003664367042261012 0.007085422316494169 -0.01632943318632225
-0.014710721310725617 0.0009613110231138259 -0.003124490364523734 0.0009613110231138259 -0.01277891768834597 0.0025965497357840492 -0.003124490364523734 0.0025965497357840492 -0.00823954643879988
0.011678964865337026 -0.0010953620349329458 0.003773627798469747 -0.0010953620349329458 0.013983540479487648 0.002231123004934668 0.003773627798469747 0.002231123004934668 0.01577119335628098
0.01011626060426756 -0.0022852943042314354 -0.0007877792338411295 -0.0022852943042314354 -0.00902640751502581 -0.0027645725793655493 -0.0007877792338411295 -0.0027645725793655493 0.010958211137405456
-0.02973453436823424 -0.007158874925710125 0.011306192873566047 -0.007158874925710125 -0.023411182872355617 -0.006675924020115213 0.011306192873566047 -0.006675924020115213 -0.03126051232469573
-0.01091597588710628 0.0073122072474484335 -0.001485579021392713 0.0073122072474484335 -0.01418369883960113 0.00515729132457532 -0.001485579021392713 0.00515729132457532 -0.011104198198222169
-0.027435467699774816 0.002029128329590788 -0.0021172714606499357 0.002029128329590788 -0.022985157738903073 0.0015425047935350787 -0.0021172714606499357 0.0015425047935350787 -0.019571447725591513
-0.017710342239582223 0.0020520822699707747 0.005106792655739351 0.0020520822699707747 -0.024254051563108715 0.004793700908956338 0.005106792655739351 0.004793700908956338 -0.005053539514057783
-0.031167778405560585 -0.005315214434389626 0.007303025671296439 -0.005315214434389626 -0.018593609865404096 0.00706614100657498 0.007303025671296439 0.00706614100657498 -0.03221631440211836
-0.022550869186913732 0.01157337673958909 -0.004757892761963559 0.01157337673958909 -0.01944106934423319 0.004556816244234879 -0.004757892761963559 0.004556816244234879 -0.015054112258810209
0.01649470155705815 8.447050059834955e-05 -0.001538832163074281 8.447050059834955e-05 0.016675578607252443 0.003335666616019608 -0.001538832163074281 0.003335666616019608 0.012702710606284414
-0.013557515346035104 -0.0021567522381035122 -0.0037534283309353586 -0.0021567522381035122 0.00024239361041265527 -0.00264613024700482 -0.0037534283309353586 -0.00264613024700482 -0.01317556177811213
0.0010439452084817764 0.0021659338142555064 -0.0011192341329281316 0.0021659338142555064 0.004460409694638936 0.0024560716206585335 -0.0011192341329281316 0.0024560716206585335 0.0017518447298005538
-0.008653635523254832 -0.0020153559653627966 -0.002207250906939482 -0.0020153559653627966 -0.0017417449960333599 -0.0020539185852011736 -0.002207250906939482 -0.0020539185852011736 -0.004430110493337355
0.001943739671377239 -0.004005921675115208 -0.000626183493566026 -0.004005921675115208 -0.01291296870016509 0.0026718386602304044 -0.000626183493566026 0.0026718386602304044 0.007512365607561914
-0.027961572013284103 -0.003313630833254821 0.007072568109881376 -0.003313630833254821 -0.016348714496241437 -0.002894950960723871 0.007072568109881376 -0.002894950960723871 -0.024411974672923022
-0.001296438552661626 0.004378693666886185 0.00031217358916781356 0.004378693666886185 -0.010593702564171274 0.0020438188514339795 0.00031217358916781356 0.0020438188514339795 -0.003041856179155784
-0.026281343577469106 -0.0015562771577630704 0.0011440243885385167 -0.0015562771577630704 -0.025040912639334646 0.001441507455863139 0.0011440243885385167 0.001441507455863139 -0.003464208682147531
-0.00299686645601101 -0.003937059853975249 0.005943234243186051 -0.003937059853975249 0.00013864179989511721 0.009925283820306073 0.005943234243186051 0.009925283820306073 -0.014882416784767911
0.004095901121404754 0.003294349523335633 -0.0024386266259697436 0.003294349523335633 0.009114550646084957 -0.0006004750803404414 -0.0024386266259697436 -0.0006004750803404414 -0.0011467788613841153
-0.029745552259616635 0.00041317092683975325 -0.004207916350459087 0.00041317092683975325 -0.021348082711002452 -0.003317303463715619 -0.004207916350459087 -0.003317303463715619 -0.025326459657661678
0.016205481908270324 0.001349691694343194 0.00019924020249828103 0.001349691694343194 0.0165736631119653 0.004243724497451866 0.00019924020249828103 0.004243724497451866 0.00866006262656123
0.008620581849107651 -0.00025800228987104596 -0.0034026921219291683 -0.00025800228987104596 -0.001768371566874144 -0.004535698619085291 -0.0034026921219291683 -0.004535698619085291 -0.003608359427733845
-0.015023813057508629 0.0007758431848435368 -0.0012872569765096313 0.0007758431848435368 -0.003397183176237971 -0.007175401762783715 -0.0012872569765096313 -0.007175401762783715 -0.022213905342135534
0.005624633550711842 0.0048717443062482905 -0.0034339094808459496 0.0048717443062482905 -0.00527481549932085 0.0012633848785144456 -0.0034339094808459496 0.0012633848785144456 -0.008640781316642041
-0.014309486432883455 0.0023422200763738013 0.0015911671471406496 0.0023422200763738013 -0.011607348571351468 -0.007587654532008268 0.0015911671471406496 -0.007587654532008268 -0.017794812740180573
0.006304070185959435 0.0034017739643139684 -0.00212645303680193 0.0034017739643139684 0.004947951388309845 0.0011072980839305388 -0.00212645303680193 0.0011072980839305388 -0.007813521305347333
-0.0016122847722902373 -0.0006583190100980068 -0.004099573751865552 -0.0006583190100980068 0.003958177479124836 -0.002972076200400625 -0.004099573751865552 -0.002972076200400625 -0.002125534879186731
-0.010981165077785442 -0.0006904545266299876 -0.003042774336770983 -0.0006904545266299876 -0.021562013435343922 -0.0029133141130278607 -0.003042774336770983 -0.0029133141130278607 -0.015612352088851476
-0.002412918212744159 0.00041225276922455384 0.006074530782159573 0.00041225276922455384 0.003075828010918163 -0.003589078117814657 0.006074530782159573 -0.003589078117814657 0.008789522850304352
-0.0017904073496389308 -0.005060884774979377 0.0025258515994136914 -0.005060884774979377 -0.01498708675290065 -0.00033329121431740095 0.0025258515994136914 -0.00033329121431740095 0.007859429186107306
-0.00022219414287826732 -0.002908723324951863 0.005098529237202555 -0.002908723324951863 -0.012108662629250368 -0.0016866555391213927 0.005098529237202555 -0.0016866555391213927 0.004323604209974218
