-0.04460776957685016 0.010691027271382415 -0.019261110451654097 0.010691027271382415 -0.01627985267510148 -0.0037892364779281372 -0.019261110451654097 -0.0037892364779281372 -0.04131801084159052
-0.02623910832716993 0.010447715503354561 -0.0068742460649982955 0.010447715503354561 -0.030938239001760726 0.01656264522058291 -0.0068742460649982955 0.01656264522058291 -0.012242713641069488
-0.020689763700904445 -0.012874406080326712 -0.0055603625176478795 -0.012874406080326712 -0.03836337963587869 0.004680767522286805 -0.0055603625176478795 0.004680767522286805 -0.026902018125343936
-0.02887330252517716 0.019899229994217716 0.022684920198732854 0.019899229994217716 -0.0073672967043604005 -0.002845370449503101 0.022684920198732854 -0.002845370449503101 -0.0037717914832393474
-0.08413629122641696 -0.009065888292479387 -0.001577394782912658 -0.009065888292479387 -0.09287439725027015 0.014292959595809866 -0.001577394782912658 0.014292959595809866 -0.0919176770152323
-0.017776449587876584 0.007878710496026495 0.01669577807478683 0.007878710496026495 -0.022903441711150323 0.035239807428970156 0.01669577807478683 0.035239807428970156 -0.02031423723628787
-0.04014735988221123 -0.006163592070833919 0.009835304374016527 -0.006163592070833919 -0.014258987764047486 0.013420709861370384 0.009835304374016527 0.013420709861370384 -0.031191650503555775
5.049866883596985e-05 0.007551846385015489 -0.0078686107622593 0.007551846385015489 0.007378314595742793 -0.018263073123932293 -0.0078686107622593 -0.018263073123932293 0.00370017518925379
-0.00405366587110558 -0.0145674887227545 -0.004812982218875526 -0.0145674887227545 -0.01927212834303649 0.005790820079062942 -0.004812982218875526 0.005790820079062942 -0.02774672313132743
-0.07047961485794031 0.018885583987037522 0.023548906514635537 0.018885583987037522 -0.06867818961691899 -0.019801905287006576 0.023548906514635537 -0.019801905287006576 -0.05899346309179517
-0.008191802242809508 -0.011508187548909926 -0.006519837225531307 -0.011508187548909926 -0.016530509704050927 -0.01854035672372253 -0.006519837225531307 -0.01854035672372253 -0.016962043783194672
-0.02955732994850075 -0.0030969456360677504 0.0006436284882548156 -0.0030969456360677504 -0.02834903452689827 0.003526643399981094 0.0006436284882548156 0.003526643399981094 -0.021809915991447777
-0.01604021353753442 0.0037864820050825384 0.005943234243186051 0.0037864820050825384 -0.030888658490539952 0.030795006413789613 0.005943234243186051 0.030795006413789613 -0.015376385581745217
-0.02104876332844743 -0.0261215841524244 -0.009230238505600088 -0.0261215841524244 -0.04314147186537664 0.03406272936628446 -0.009230238505600088 0.03406272936628446 -0.03997290993532333
-0.0036303952104986318 -0.002229286689704269 -0.005130664753734536 -0.002229286689704269 0.0007767613424587361 -0.0025533963278696753 -0.005130664753734536 -0.0025533963278696753 -0.015633469714001064
-0.028364643206356663 0.027320697997874885 -0.0032778226862620425 0.027320697997874885 -0.03912177782603344 -0.0006059840260316382 -0.0032778226862620425 -0.0006059840260316382 -0.014081783344313991
-0.0822090783921133 -0.004613742016377245 0.05135255541810533 -0.004613742016377245 -0.040401689541621474 -0.0007170810974707717 0.05135255541810533 -0.0007170810974707717 -0.07733090698255862
-0.051621575599358774 0.02071179948366923 0.009600256024525466 0.02071179948366923 -0.07146204350620372 0.02943705130090962 0.009600256024525466 0.02943705130090962 -0.06319587049656307
-0.017972935317529266 -0.014347130895106633 0.01651490102459254 -0.014347130895106633 -0.00713316651248454 0.02263166705705128 0.01651490102459254 0.02263166705705128 -0.033560497150770356
-0.08967278164606965 0.01576017546489859 -0.005152700536499323 0.01576017546489859 -0.08065280123435023 0.028520730000940568 -0.005152700536499323 0.028520730000940568 -0.0875821367562605
-0.008688525512632411 0.03285351578706678 -0.01721729160022012 0.03285351578706678 -0.02170157339285424 0.031053008703660654 -0.01721729160022012 0.031053008703660654 -0.004372266563579789
0.002725091801911973 0.012471334887254153 0.007482984563875531 0.012471334887254153 0.00041684355730055105 -0.0012248222586760686 0.007482984563875531 -0.0012248222586760686 0.01751661098277514
-0.04726308140000697 -0.02373070172244503 0.002464335039195328 -0.02373070172244503 -0.01946769591507397 -0.012971730787537853 0.002464335039195328 -0.012971730787537853 -0.03451170844011699
0.010977492447324644 0.012933168167699478 -0.004254742388834259 0.012933168167699478 0.0029987027712414095 0.007665697929300223 -0.004254742388834259 0.007665697929300223 0.011831379029460135
-0.043642785923275536 -0.010675418591924024 -0.00348257183445152 -0.010675418591924024 -0.029202002951418563 0.008785850219843553 -0.00348257183445152 0.008785850219843553 -0.03708254976267546
0.0366693788358357 0.0012450217262104566 0.0004150072420701522 0.0012450217262104566 0.011618366462733861 0.018625745381936076 0.0004150072420701522 0.018625745381936076 0.012993766570302639
-0.07312666326256033 0.011836887975151332 0.01862115459386008 0.011836887975151332 -0.06527182486452902 0.02687080076642715 0.01862115459386008 0.02687080076642715 -0.06774901411033714
0.0026213399913944347 0.005422638875367962 -0.00656482694867608 0.005422638875367962 0.0021631793414099085 0.006277443615118651 -0.00656482694867608 0.006277443615118651 0.015417702674429193
-0.020191204115851142 -0.01997635523389447 -0.0007207537279315695 -0.01997635523389447 -0.03640862207311906 0.029446232877061614 -0.0007207537279315695 0.029446232877061614 -0.01383296263059494
0.0020658546341987666 -0.009533230518615907 0.026027932075674057 -0.009533230518615907 -0.0029527948904814363 0.006887100271611087 0.026027932075674057 0.006887100271611087 0.006030459216629998
-0.023818844853504176 -0.013922942076884486 0.03065911908674009 -0.013922942076884486 -0.0014011085207943632 0.008788604692689151 0.03065911908674009 0.008788604692689151 -0.024120918708904794
-0.04687470072877761 0.011318128922563642 -0.014293877753425064 0.011318128922563642 -0.04727134481854377 0.009288082435357654 -0.014293877753425064 0.009288082435357654 -0.04961081042207197
-0.0020337191176667854 0.015746403100670596 -0.007252527002460469 0.015746403100670596 -0.02233969293541786 0.0011375972852321206 -0.007252527002460469 0.0011375972852321206 0.004274941856368647
-0.02925801056594573 -0.01736511497626723 0.03128071179223012 -0.01736511497626723 -0.00661348930228165 0.0015911671471406496 0.03128071179223012 0.0015911671471406496 -0.02508865683532502
-0.036480238367104616 -0.008537029506124501 0.017897646393082913 -0.008537029506124501 -0.03955514822040758 0.0032851679471836382 0.017897646393082913 0.0032851679471836382 -0.0432103336865166
-0.00029840122493982177 0.036033095608502486 -0.0013607095857255875 0.036033095608502486 -0.017677288565435045 0.0031254085221389333 -0.0013607095857255875 0.0031254085221389333 0.014529844260531322
0.008733515235777185 -0.0015140419074638957 0.00823954643879988 -0.0015140419074638957 0.011013300594317424 -0.009984045907678839 0.00823954643879988 -0.009984045907678839 0.02185123308413175
-0.04256945967110738 -0.004966314540613834 0.0015948397776014477 -0.004966314540613834 -0.04503563102553311 0.008935509911121063 0.0015948397776014477 0.008935509911121063 -0.03582467382985221
-0.0617864985572319 0.018831412687740755 0.02766317078834428 0.018831412687740755 -0.05103946367132232 -0.024195289475735952 0.02766317078834428 -0.024195289475735952 -0.05504079455836153
-0.017286153421360077 -0.003199779288970089 0.020198549376772738 -0.003199779288970089 -0.013222387816487303 0.03377626419034223 0.020198549376772738 0.03377626419034223 -0.0418689054107102
-0.04124455823237457 0.03476236546906644 -0.010542285737720104 0.03476236546906644 -0.03144230753250522 0.010260411349853874 -0.010542285737720104 0.010260411349853874 -0.036536245981631785
-0.006990852082128626 0.018662471686544054 0.012027864759112819 0.018662471686544054 -0.005122401335197741 -0.004635777799142032 0.012027864759112819 -0.004635777799142032 0.01704926875663862
-0.021139660932352176 -0.011261203150421275 -0.0027508002151375574 -0.011261203150421275 -0.005526390685885499 -0.0016985915881189855 -0.0027508002151375574 -0.0016985915881189855 -0.01465379553858325
0.009131995640773747 -0.004850626681098704 -0.0011651420136881043 -0.004850626681098704 0.02000940890804165 0.0029013780640302677 -0.0011651420136881043 0.0029013780640302677 0.019965337342512077
0.009721452829731794 -0.009169640102996925 -0.007208455436930896 -0.009169640102996925 -0.006038722635166794 0.01178914377916096 -0.007208455436930896 0.01178914377916096 -0.0003250277957806059
0.00760234505385146 -0.01558756183324109 -0.009402852137257585 -0.01558756183324109 0.009805923330330143 -0.018144630791571564 -0.009402852137257585 -0.018144630791571564 -0.012502552246170933
-0.06015860510548328 0.058851148661439256 0.014762138137176783 0.058851148661439256 -0.0671531298180727 -0.0267909210539048 0.014762138137176783 -0.0267909210539048 -0.013773282385606976
-0.043226860523590184 0.02702872387624146 0.010207158208172303 0.02702872387624146 -0.04476293821381887 -0.0043649213026581936 0.010207158208172303 -0.0043649213026581936 -0.03769771536485909
-0.030917121376611137 -0.011011464279087025 0.00974624308534218 -0.011011464279087025 -0.026574235856717733 0.022093626694544406 0.00974624308534218 0.022093626694544406 -0.03202992840623287
-0.0565860538247422 0.018419159918516198 -0.0031419353592125237 0.018419159918516198 -0.08575316678678319 0.02264543942127928 -0.0031419353592125237 0.02264543942127928 -0.07161537582794204
0.031222867862472553 -0.010104324555269967 0.007786894734506549 -0.010104324555269967 0.015186326955398932 0.017741559598499004 0.007786894734506549 0.017741559598499004 0.012835843460488336
-0.006669496916808817 -0.006902708951069477 -0.0005095774764356957 -0.006902708951069477 -0.014744693142487995 -0.0027205010138359755 -0.0005095774764356957 -0.0027205010138359755 -0.015764766252974585
-0.07029781965013082 0.03943027878474045 0.005011304263758607 0.03943027878474045 -0.08165267487730245 -0.0058918174167348816 0.005011304263758607 -0.0058918174167348816 -0.06842661443035433
0.004970905328689832 0.020575912156619712 0.03197116631886011 0.020575912156619712 0.029112023505129016 -0.016572744954350103 0.03197116631886011 -0.016572744954350103 0.003040938021540584
-0.020572239526158914 -0.00626275309327546 0.00024790255610385197 -0.00626275309327546 -0.031335801249142085 0.014950360448292673 0.00024790255610385197 0.014950360448292673 -0.028505121321482176
-0.02803043383442406 0.0348312272902064 0.004376857351655787 0.0348312272902064 -0.028972463547618697 -0.004659649897137217 0.004376857351655787 -0.004659649897137217 0.0055722985666454726
-0.034928551997417547 0.0067576400478679645 0.013121390478815364 0.0067576400478679645 -0.05854815664842344 0.011944312416129668 0.013121390478815364 0.011944312416129668 -0.05723886388914902
-0.11963501910287336 0.05143886223393409 0.0619627848193502 0.05143886223393409 -0.06766729808258438 -0.015334150331446042 0.0619627848193502 -0.015334150331446042 -0.09204071013566903
-0.025312687293433684 -0.005243598140404069 -0.011260284992806076 -0.005243598140404069 -0.027625526326121103 0.020855950229255543 -0.011260284992806076 0.020855950229255543 -0.01639370421938621
-0.05898703598848878 -0.0209339936265475 -0.0041298729531671335 -0.0209339936265475 -0.052801408134890065 0.02329733132807089 -0.0041298729531671335 0.02329733132807089 -0.07038871725403557
0.013804499744523756 0.00999506379906123 -0.011153778709442938 0.00999506379906123 -0.0135657787645719 0.029927347467426126 -0.011153778709442938 0.029927347467426126 -0.013451009062671968
-0.03797408080703412 0.006670415074424017 -0.009837140689246925 0.006670415074424017 -0.023469944959728387 -0.003809435945462525 -0.009837140689246925 -0.003809435945462525 -0.03808058709039726
-0.007597754265775463 -0.0037837275322369405 0.003051037755307778 -0.0037837275322369405 -0.010785597505747958 0.029117532450820213 0.003051037755307778 0.029117532450820213 -0.01739908680802961
-0.022495779730001764 0.0029840122493982177 -0.020130605713247977 0.0029840122493982177 -0.03440152952629306 0.012434608582646174 -0.020130605713247977 0.012434608582646174 -0.028364643206356663
-0.07211118094014973 0.007922782061556069 0.019615519291121087 0.007922782061556069 -0.05149762432130685 0.02429904128625349 0.019615519291121087 0.02429904128625349 -0.07154192321872607
-0.022076181699855615 0.022532506034609743 0.011891977432063298 0.022532506034609743 -0.0524102729908151 0.011126233980986956 0.011891977432063298 0.011126233980986956 -0.03230445753317751
-0.015409439255892398 -0.014190125942907524 0.012152734194779944 -0.014190125942907524 -0.002067690949429165 -0.009426724235252771 0.012152734194779944 -0.009426724235252771 0.006401394893170578
-0.020810042348495573 -0.015966760928318464 -0.007402186693737979 -0.015966760928318464 0.00015700495219910624 0.008580182914038876 -0.007402186693737979 0.008580182914038876 -0.015112874346182975
-0.022398455022790625 0.009939974342149265 -0.0127275008618948 0.009939974342149265 -0.025778193204339807 0.003711193080636184 -0.0127275008618948 0.003711193080636184 -0.020601620569845297
0.02730968010649249 0.0029426951567142427 0.004513662836320504 0.0029426951567142427 0.017531301504618332 0.0026094039423968417 0.004513662836320504 0.0026094039423968417 0.028070832769492834
-0.03034143655188108 -0.005952415819338045 0.0017454176264941575 -0.005952415819338045 -0.0495658206989272 -0.012151816037164743 0.0017454176264941575 -0.012151816037164743 -0.03761599933710633
-0.03607349454357126 0.01175333563216818 0.02278867200925039 0.01175333563216818 -0.03893814630299355 -0.005581480142797467 0.02278867200925039 -0.005581480142797467 -0.05095682948595437
-0.057387605422811336 0.038517630115232196 0.018358561515913037 0.038517630115232196 -0.0601136153823385 -0.024253133405493517 0.018358561515913037 -0.024253133405493517 -0.020692518173750042
-0.0237775277608202 0.002577268425864861 0.022091790379314007 0.002577268425864861 -0.0041831260948487015 0.01291021422731949 0.022091790379314007 0.01291021422731949 -0.027036069137163058
-0.04056144896666618 0.018636763273318473 0.005237171037097673 0.018636763273318473 -0.04622372697960119 0.036419639964501455 0.005237171037097673 0.036419639964501455 -0.07799932572642382
0.005087511345820162 0.01614029271759116 0.004060092974411975 0.01614029271759116 -0.016924399320971492 0.02740884112893403 0.004060092974411975 0.02740884112893403 0.0015333232173830843
-0.09953379443331176 -0.05418048087291964 -0.008201901976576702 -0.05418048087291964 -0.09525150731602153 -0.00614614707614513 -0.008201901976576702 -0.00614614707614513 -0.08646932972663876
0.0016049395113686415 0.013786136592219767 0.0007639071358459438 0.013786136592219767 -0.000579357455190854 0.01559123446370189 0.0007639071358459438 0.01559123446370189 -0.007307616459372436
-0.023486471796801973 0.0074995114009491215 -0.008576510283578078 0.0074995114009491215 -0.014143299904532355 -0.008097232008443964 -0.008576510283578078 -0.008097232008443964 -0.018407223869518607
-0.005622797235481442 0.001538832163074281 -0.009707680465503804 0.001538832163074281 -0.037212009986418576 0.04210211744497086 -0.009707680465503804 0.04210211744497086 -0.0296427186067143
-0.007740986853746577 -0.0039976582565784125 -0.004253824231219059 -0.0039976582565784125 -0.014985250437670251 -0.001079753355474555 -0.004253824231219059 -0.001079753355474555 -0.0006702550590955998
-0.013792563695526163 -0.002122780406341132 0.011324556025870037 -0.002122780406341132 -0.02221665981498113 -0.006004750803404415 0.011324556025870037 -0.006004750803404415 -0.037766577185999045
-0.03819902942275799 0.035211344542898974 -0.002085135944117955 0.035211344542898974 -0.0452027357114994 -0.027435467699774816 -0.002085135944117955 -0.027435467699774816 -0.027624608168505906
-0.01822451050409392 0.004715657511664384 -0.006827420026623123 0.004715657511664384 -0.02610230284250521 0.0004618332804453242 -0.006827420026623123 0.0004618332804453242 -0.021203931965416138
-0.026799184472441596 0.00017353178927269637 0.014880580469537514 0.00017353178927269637 -0.019816595808849764 -0.014654713696198448 0.014880580469537514 -0.014654713696198448 1.4690521843191228e-05
-0.05831586277177797 -0.04345272729692925 0.01918582152720774 -0.04345272729692925 -0.03611940242433123 0.010879249582498304 0.01918582152720774 0.010879249582498304 -0.058580292164955416
-0.0010779170402441562 0.0029757488308614233 -0.017864592718935732 0.0029757488308614233 -0.05064924668486256 0.030619638309286514 -0.017864592718935732 0.030619638309286514 -0.046636897906440954
