0.0117221182732514 -0.0013221469658872104 -0.0039040061798280685 -0.0013221469658872104 -0.0018666144317004854 0.001384581683720773 -0.0039040061798280685 0.001384581683720773 -0.015324968755294049
0.002307330086996222 0.011503596760833928 -0.00859028264780607 0.011503596760833928 -0.012349219924432624 -0.007428813264578764 -0.00859028264780607 -0.007428813264578764 -0.004016021408882402
-0.008761978121848368 -0.0006215927054900288 0.007682224766373813 -0.0006215927054900288 -1.1017891382393419e-05 -0.01142004441785078 0.007682224766373813 -0.01142004441785078 -0.011556849902515499
0.008269845640101461 0.003679975721719403 -0.00125603961759285 0.003679975721719403 -0.006504228546072916 0.0019483304594532366 -0.00125603961759285 0.0019483304594532366 -0.008501221359131724
0.0037084386077905853 0.0008033879132995201 -0.001061390203170566 0.0008033879132995201 0.011574294897204287 -0.0034972623562947117 -0.001061390203170566 -0.0034972623562947117 0.0007942063371475257
-0.02468007669656126 -0.008241382754030278 -0.009539657621922304 -0.008241382754030278 -0.029262601354021724 -0.0056549327520134226 -0.009539657621922304 -0.0056549327520134226 -0.032777308705005226
-0.005586989088488664 0.0017527628874157532 0.006449139089160949 0.0017527628874157532 -0.024795764556076395 0.005564035148108677 0.006449139089160949 0.005564035148108677 -0.00483960878971631
-0.004899289034704274 -0.011106952671067767 0.015164291172634145 -0.011106952671067767 -0.011516450967446723 -2.2953940379986292e-05 0.015164291172634145 -2.2953940379986292e-05 -0.02130492930308808
-0.011500842287988332 0.012114171574941565 0.004128954795551934 0.012114171574941565 -0.011041763480388607 -0.010991264811552636 0.004128954795551934 -0.010991264811552636 -0.018638599588548868
-0.029365435006924064 0.008263418536795067 -0.004690867256053999 0.008263418536795067 -0.010753461989215979 -0.002917904901103857 -0.004690867256053999 -0.002917904901103857 -0.025079475259173024
-0.004575179396538868 0.0072011101760093 -0.0034596178940715337 0.0072011101760093 0.00019281309919188483 0.005745830355918169 -0.0034596178940715337 0.005745830355918169 0.009331235843272027
-0.006679596650576012 -0.005818364807518925 0.0007547255596939492 -0.005818364807518925 -0.0032126334955828815 0.002024537541514791 0.0007547255596939492 0.002024537541514791 -0.012377682810503807
-0.020634674243992478 0.006386704371327386 -0.0023504834949105964 0.006386704371327386 -0.002185215124174695 0.0007179992550859712 -0.0023504834949105964 0.0007179992550859712 0.001957512035605231
-0.006095648407309161 -0.013989049425178847 -0.01247684383294535 -0.013989049425178847 -0.009036507248793003 0.002522178968952894 -0.01247684383294535 0.002522178968952894 0.002838943346196705
-0.015530636061098725 -0.00967921757943262 0.005208708151026489 -0.00967921757943262 -0.02115159698134977 0.0069256628914494646 0.005208708151026489 0.0069256628914494646 -0.01744683100401998
0.00890980149789548 0.003971949843352828 0.004845117735407506 0.003971949843352828 0.023452499965039595 -0.0026755112906912022 0.004845117735407506 -0.0026755112906912022 0.021494987929434363
-0.04784702964327383 -0.005866109003509297 0.003256705061112455 -0.005866109003509297 -0.04341049204663008 -0.0015085329617726992 0.003256705061112455 -0.0015085329617726992 -0.04094982963789555
-0.04683981073940003 -0.005773375084374152 0.008476431103521339 -0.005773375084374152 -0.04003075386508089 0.004099573751865552 0.008476431103521339 0.004099573751865552 -0.037110094491131444
-0.012735764280431595 -0.002715910225759978 0.009625964437751051 -0.002715910225759978 -0.020690681858519643 0.01407994702908359 0.009625964437751051 0.01407994702908359 -0.03161583932177792
-0.0355079094526084 0.015405766625431598 -0.0025947134205536507 0.015405766625431598 -0.05076034375630169 -0.002703974176762385 -0.0025947134205536507 -0.002703974176762385 -0.04587207261297981
-0.01974314319963381 0.015342413749982837 0.01069929068991921 0.015342413749982837 -0.0036625307270306126 0.002353237967756195 0.01069929068991921 0.002353237967756195 -0.004742284082505168
-0.005266552080784055 -0.001301029340737623 -0.005785311133371745 -0.001301029340737623 -0.016597535209960487 0.009098023809011367 -0.005785311133371745 0.009098023809011367 -0.020996428344381063
-0.021888877546354928 0.005793574551908541 -0.002563496061636869 0.005793574551908541 -0.028423405293729425 -0.001232167519597664 -0.002563496061636869 -0.001232167519597664 -0.031240312857161345
-0.04485567213295401 0.008879502296593898 0.012482352778636546 0.008879502296593898 -0.03157544038670915 -0.006857719227924705 0.012482352778636546 -0.006857719227924705 -0.039981173353860124
-0.025204344694840147 0.019464023284613177 0.013198515718492117 0.019464023284613177 -0.04029610141587354 0.017588227276760696 0.013198515718492117 0.017588227276760696 -0.031770089801131426
-0.029047752472065053 0.021224131432950526 0.016887673016363517 0.021224131432950526 -0.018275009172929887 -0.010916894044721482 0.016887673016363517 -0.010916894044721482 -0.024090619507603214
0.0033723929206275864 0.010601965982708069 0.003320976094176417 0.010601965982708069 -0.015234989309004502 0.0007841066033803317 0.003320976094176417 0.0007841066033803317 0.007839229718572918
0.004667913315674012 -0.009154031423538532 0.01160275778327547 -0.009154031423538532 0.00746737588441714 -0.007562864276397884 0.01160275778327547 -0.007562864276397884 -0.008068769122372782
-0.01061665650455126 0.01358046928641509 -0.009984964065294036 0.01358046928641509 -0.007268135681918859 -0.005999241857713217 -0.009984964065294036 -0.005999241857713217 -0.0034164644861571594
-0.03496344198679512 -0.004846035893022706 -0.0010338454747145826 -0.004846035893022706 -0.04222698688063798 0.0004260251334525456 -0.0010338454747145826 0.0004260251334525456 -0.047118012496805466
-0.03463015077247772 0.009050279613020995 0.015573789469013099 0.009050279613020995 -0.032245695445804745 0.0034889989377579166 0.015573789469013099 0.0034889989377579166 -0.01625689873472149
-0.012632930627529255 -0.011178568965053325 0.018629418012396873 -0.011178568965053325 -0.018246546286858702 0.010273265556466665 0.018629418012396873 0.010273265556466665 -0.028438095815572616
2.8462886071183002e-05 0.016302806615481464 0.00882533099729713 0.016302806615481464 0.004550389140928483 -0.006628179824124842 0.00882533099729713 -0.006628179824124842 0.011864432703607316
0.021794307311989385 -0.0020070925468260014 -0.0029041325368758656 -0.0020070925468260014 0.02291996854822391 -0.0013350011725000027 -0.0029041325368758656 -0.0013350011725000027 0.01610815720105918
0.01130435655833565 -0.0010668991488617628 -0.005857845584972502 -0.0010668991488617628 0.008043978866762396 -0.01232351151120704 -0.005857845584972502 -0.01232351151120704 0.0033200579365612174
0.0064087401540921735 -0.0007767613424587361 0.0029463677871750405 -0.0007767613424587361 0.01426541486735388 0.000589457188958048 0.0029463677871750405 0.000589457188958048 0.01500544990520464
-0.03574479411732986 -0.004667913315674012 -0.004411747341033365 -0.004667913315674012 -0.020765970782966 -0.002724173644296773 -0.004411747341033365 -0.002724173644296773 -0.021007446235763456
4.2235250299174776e-05 0.005629224338787838 0.003076746168533363 0.005629224338787838 0.0031281629949845317 0.008314835363246235 0.003076746168533363 0.008314835363246235 -0.00978021491710456
0.0037194564991729785 0.007416877215581171 0.0009714107568810199 0.007416877215581171 0.016593862579499692 -0.0024992250285729074 0.0009714107568810199 -0.0024992250285729074 0.015502173175027542
-0.030523231759690572 -0.006801711613397538 -0.008019188611152011 -0.006801711613397538 -0.017388987074262417 0.005104038182893752 -0.008019188611152011 0.005104038182893752 -0.0293020821314753
-0.04239409156660428 0.0062232723158218844 -0.010452306291430558 0.0062232723158218844 -0.04295508586949115 0.01137413653709081 -0.010452306291430558 0.01137413653709081 -0.01972202557448422
-0.020914712316628312 -0.0045127446787053055 0.0102163397843243 -0.0045127446787053055 -0.03477521967567924 0.02248017105054338 0.0102163397843243 0.02248017105054338 -0.03554830838767717
-0.014476591118849755 0.00257910474109526 0.006254489674738665 0.00257910474109526 -0.007770367897432959 -0.007815357620577734 0.006254489674738665 -0.007815357620577734 -0.015787720193354574
-0.02714532989337179 -0.0026883654973039947 -0.0027636544217503494 -0.0026883654973039947 -0.006480356448077731 -0.004381448139731783 -0.0027636544217503494 -0.004381448139731783 -0.010091470348657173
-0.0015039421736967019 -0.0020190285958235944 -0.0038406533043793063 -0.0020190285958235944 0.004190471355770297 0.013626377167175062 -0.0038406533043793063 0.013626377167175062 -0.01954665746998113
-0.024791173768000396 0.007628971624692245 -0.008518666353820514 0.007628971624692245 -0.02560466141506711 -0.005922116618036463 -0.008518666353820514 -0.005922116618036463 -0.02523556205375693
-0.02392076034879131 0.006267343881351457 0.004378693666886185 0.006267343881351457 -0.02195314857941889 0.0006023113955708403 0.004378693666886185 0.0006023113955708403 -0.016015423281924037
-0.036410458388349456 0.0006069021836468376 0.0005398766777372775 0.0006069021836468376 -0.00440348392249657 0.002406491109437763 0.0005398766777372775 0.002406491109437763 -0.03542986605531644
-0.0035780602264322632 0.012395127805192599 -0.0076317260975378425 0.012395127805192599 0.002178788020868299 0.013415200915679189 -0.0076317260975378425 0.013415200915679189 -0.0037231291296337767
-0.04473722980059328 -0.011525632543598717 -0.010072189038737986 -0.011525632543598717 -0.042795326444446447 0.012013174237269626 -0.010072189038737986 0.012013174237269626 -0.04618516435976282
-0.0004912143241317066 0.00679987529816714 0.0036359041561898286 0.00679987529816714 -0.005928543721342859 0.004633941483911633 0.0036359041561898286 0.004633941483911633 -0.0012505306719016532
-0.02652740981834256 -0.0057752113996045506 -0.006314169919726629 -0.0057752113996045506 -0.006426185148780962 0.0007538074020787497 -0.006314169919726629 0.0007538074020787497 -0.02773111445186904
-0.004005921675115208 0.001485579021392713 -0.0026966289158407894 0.001485579021392713 -0.017904991654004505 0.0018464149641660972 -0.0026966289158407894 0.0018464149641660972 -0.008114677003132755
-0.030924466637532733 0.008606809484879659 0.006587780889056065 0.008606809484879659 -0.012254649690067083 -0.005370303891301592 0.006587780889056065 -0.005370303891301592 -0.021262694052788904
0.003419218959002758 0.002175115390407501 -0.0072093735945460945 0.002175115390407501 -0.009890393830928493 0.014469245857928158 -0.0072093735945460945 0.014469245857928158 -0.010759889092522373
0.01756435517876551 -0.0012973567102768254 -0.0008125694894515148 -0.0012973567102768254 0.00810457726936556 0.0009888557515698095 -0.0008125694894515148 0.0009888557515698095 0.007742823168976976
-0.018425587021822596 -0.0025359513331808855 -0.0010907712468569487 -0.0025359513331808855 -0.027522692673218763 -0.004944278757849047 -0.0010907712468569487 -0.004944278757849047 -0.003473390258299526
-0.0237793640760506 -0.009935383554073267 0.015635306029231463 -0.009935383554073267 -0.017774613272646185 -0.0037727096408545473 0.015635306029231463 -0.0037727096408545473 -0.03385889837571018
-0.0068310926570839215 0.004162008469699115 0.006087384988772365 0.004162008469699115 0.013793481853141363 -0.004521008097242101 0.006087384988772365 -0.004521008097242101 0.00936061688695841
-0.007002788131126218 -0.002977585146091822 -0.00453845309193089 -0.002977585146091822 -0.019018716841241443 0.00483960878971631 -0.00453845309193089 0.00483960878971631 -0.010441288400048165
0.0013451009062671968 -9.365207675034407e-05 0.0070220694410454065 -9.365207675034407e-05 0.01703090560433463 0.0006941271570907855 0.0070220694410454065 0.0006941271570907855 0.0071249030939477456
-0.0027278462747575708 -0.009633309698672647 -0.0031088816850653434 -0.009633309698672647 -0.02006449836495362 -0.0014864971790079123 -0.0031088816850653434 -0.0014864971790079123 -0.015196426689166126
0.007800667098734541 0.005551180941495885 0.0030721553804573657 0.005551180941495885 0.007048696011886191 -0.011506351233679529 0.0030721553804573657 -0.011506351233679529 -0.0009053034085866594
0.01873592429576001 -0.0023670103319841864 -0.0032961858385660314 -0.0023670103319841864 0.0037616917494721538 -0.005685231953315005 -0.0032961858385660314 -0.005685231953315005 0.021249839846176108
-0.01860462775678649 -0.012013174237269626 0.00236150138629299 -0.012013174237269626 -0.004507235733014109 -0.0028472067647335 0.00236150138629299 -0.0028472067647335 -0.018042715296284425
-0.0497219074935111 0.004162926627314314 -0.00020015836011348046 0.004162926627314314 -0.036983388740233915 0.001800507083406125 -0.00020015836011348046 0.001800507083406125 -0.04917101292439144
-0.032866369993679576 0.012264749423834277 0.0010558812574793695 0.012264749423834277 -0.04382549928870023 0.0015526045273022728 0.0010558812574793695 0.0015526045273022728 -0.04285776116228001
-0.03318588884376898 0.0039251238049776566 0.001142188073308118 0.0039251238049776566 -0.020837587076951554 0.003256705061112455 0.001142188073308118 0.003256705061112455 0.0030703190652269664
0.003758019119011356 -0.004468673113175731 0.0041004919094807515 -0.004468673113175731 -0.0034871626225275176 0.00910995985800896 0.0041004919094807515 0.00910995985800896 -0.006964225511287841
-0.0008777586801306758 0.004397056819190174 0.004446637330410945 0.004397056819190174 -0.010275101871697064 -0.004290550535827038 0.004446637330410945 -0.004290550535827038 -0.00654646379637209
-0.028424323451344626 -0.0072350820077716795 0.00026351123556224264 -0.0072350820077716795 -0.029044997999219457 -0.0022623403638514492 0.00026351123556224264 -0.0022623403638514492 -0.03761875380995193
-0.01939240699062762 0.004523762570087699 -0.0015865763590646525 0.004523762570087699 -0.014540862151913716 0.002290803249922632 -0.0015865763590646525 0.002290803249922632 -0.021461016097671985
-0.03192984922617614 0.009502013159699126 0.001436916667787142 0.009502013159699126 -0.009423969762407173 -0.0028260891395839125 0.001436916667787142 -0.0028260891395839125 -0.030323073399577093
-0.029618846508719113 0.013506098519583934 -0.0019391488833012422 0.013506098519583934 -0.038037433682482885 0.007153365980018929 -0.0019391488833012422 0.007153365980018929 -0.03518747244490379
-0.00827076379771666 0.009500176844468727 0.007707933179599396 0.009500176844468727 -0.022918132232993514 0.0034697176278387283 0.007707933179599396 0.0034697176278387283 -0.015898817264793707
-0.036983388740233915 0.004634859641526832 0.009730634405883789 0.004634859641526832 -0.02540450305495363 -0.012506224876631732 0.009730634405883789 -0.012506224876631732 -0.03409945567089243
-0.02522178968952894 0.004419092601954961 0.0009264210337362467 0.004419092601954961 -0.01199113845450484 0.0078052578868105385 0.0009264210337362467 0.0078052578868105385 -0.007529810602250703
-0.01619170954404233 0.0010659809912465636 -7.253445160075668e-05 0.0010659809912465636 -0.023063201136195026 0.00889327466082189 -7.253445160075668e-05 0.00889327466082189 -0.014583097402212891
-0.03572092201933467 -0.0004407156552957368 0.0038782977666024844 -0.0004407156552957368 -0.024825145599762777 0.004933260866466655 0.0038782977666024844 0.004933260866466655 -0.02470027616409565
0.01781868483817576 -9.916102244154078e-05 0.0014993513856207048 -9.916102244154078e-05 0.012495206985249339 0.0019538394051444334 0.0014993513856207048 0.0019538394051444334 0.020483178237484568
-0.007849329452340112 -0.008951118590579454 -0.0025625779040216695 -0.008951118590579454 -0.012689856399671622 -0.005999241857713217 -0.0025625779040216695 -0.005999241857713217 0.003994903783732815
0.016351468969087034 -0.0016875736967365922 0.0024478082021217383 -0.0016875736967365922 0.021528041603581544 0.0017343997351117644 0.0024478082021217383 0.0017343997351117644 0.019218875201354922
-0.01982945001546256 0.0009401933979642386 -0.0074361585255003585 0.0009401933979642386 -0.01137046390663001 -0.007215800697852492 -0.0074361585255003585 -0.007215800697852492 -0.02485085401298836
-0.010207158208172303 0.006137883657608334 0.0033567842411691955 0.006137883657608334 -0.003970113528122429 -0.008550801870352493 0.0033567842411691955 -0.008550801870352493 -0.020492359813636563
-0.006551054584448088 0.010558812574793694 -0.006720913743259987 0.010558812574793694 -0.02803686093773046 0.004048156925414382 -0.006720913743259987 0.004048156925414382 -0.024197125790966348
-0.03666019725968371 0.0034219734318483566 -0.0017922436648693297 0.0034219734318483566 -0.030304710247273103 0.0037460830700137633 -0.0017922436648693297 0.0037460830700137633 -0.04647071137808985
-0.0237738551303594 0.01706579559371221 -0.00818812961234871 0.01706579559371221 -0.027706324196258653 0.007605099526697059 -0.00818812961234871 0.007605099526697059 -0.017341242878272045
-0.020586930048002106 0.0004590788075997259 0.002386291641903375 0.0004590788075997259 -0.013004784461685034 0.0035927507482754546 0.002386291641903375 0.0035927507482754546 -0.006437203040163356
-0.013132408370197756 -0.006817320292855929 0.0030813369566093595 -0.006817320292855929 0.0037277199177097736 0.006976161560285434 0.0030813369566093595 0.006976161560285434 -0.0032337511207324687
0.017586390961530297 -0.001436916667787142 -0.0034100373828507636 -0.001436916667787142 0.003989394838041617 0.0057596027201461605 -0.0034100373828507636 0.0057596027201461605 -0.0010466996813273748
0.011728545376557795 -0.00555944436003268 -0.0018693689045460838 -0.00555944436003268 0.01612192956528717 0.0005968024498796435 -0.0018693689045460838 0.0005968024498796435 0.02017467727877755
-0.014352639840797828 -0.01564356944776826 -0.009769197025722166 -0.01564356944776826 -0.01553889947963552 -0.005697168002312598 -0.009769197025722166 -0.005697168002312598 -0.018935164498258293
-0.023184397941401355 0.009860094629626911 -0.004072947181024768 0.009860094629626911 -0.01915735864113656 -0.005726549045998981 -0.004072947181024768 -0.005726549045998981 -0.0025249334417984924
