0.008032960975380003 -7.069813637035779e-05 -1.8363152303989035e-06 -7.069813637035779e-05 -0.002412918212744159 -4.958051122077039e-05 -1.8363152303989035e-06 -4.958051122077039e-05 0.005064557405440175
-0.010702045162764809 -0.001384581683720773 0.002642457616544022 -0.001384581683720773 -0.00989682093423489 -0.0023137571903026183 0.002642457616544022 -0.0023137571903026183 -0.005951497661722847
0.003849834880531301 0.0002148488819566717 0.002337629288297804 0.0002148488819566717 -0.00120554094875688 0.002751718372752757 0.002337629288297804 0.002751718372752757 -0.0019979109706740068
0.007281908046146851 0.0005279406287396847 0.000170777316427098 0.0005279406287396847 0.0014993513856207048 -0.0013910087870271693 0.000170777316427098 -0.0013910087870271693 0.009302772957200844
-0.004801964327493132 -0.0025258515994136914 0.0012183951553696724 -0.0025258515994136914 0.0001368054846647183 -0.0011825870083768937 0.0012183951553696724 -0.0011825870083768937 -0.00019097678396148596
-0.003320976094176417 -0.0002993193825550213 5.32531416815682e-05 -0.0002993193825550213 0.0004251069758373461 0.0020034199163652035 5.32531416815682e-05 0.0020034199163652035 0.004761565392424357
0.008234037493108682 -0.0011816688507616945 -0.0001101789138239342 -0.0011816688507616945 0.0015011877008511037 0.002483616349114517 -0.0001101789138239342 0.002483616349114517 0.0039958219413480135
-0.001061390203170566 -0.0006977997875515833 0.0009916102244154079 -0.0006977997875515833 0.005015895051834605 -0.002370682962444984 0.0009916102244154079 -0.002370682962444984 -0.0052959331244704375
0.007490329824797127 0.0026341941980072272 -0.002466171354425727 0.0026341941980072272 -0.0005215135254332886 0.0009548839198074298 -0.002466171354425727 0.0009548839198074298 0.003892070130830476
-0.005171981846418511 -0.0013037838135832214 0.0017444994688789583 -0.0013037838135832214 0.0010329273170993833 -0.0025350331755656865 0.0017444994688789583 -0.0025350331755656865 -0.007680388451143413
-0.0046862764679780015 0.003027165657312592 -0.0014561979777063304 0.003027165657312592 0.0004985595850533022 0.001471806657164721 -0.0014561979777063304 0.001471806657164721 -0.004833181686409914
-0.006454648034852146 0.001312965389735216 -0.001717872898038174 0.001312965389735216 -0.0019143586276908567 0.0009438660284250363 -0.001717872898038174 0.0009438660284250363 -0.009500176844468727
0.0039186967016712594 0.0033494389802476003 -0.0011293338666953257 0.0033494389802476003 -0.0013910087870271693 0.0012707301394360411 -0.0011293338666953257 0.0012707301394360411 -0.002725091801911973
-0.003605604954888247 0.001274402769896839 0.0003268641110110048 0.001274402769896839 -0.0011816688507616945 -0.0022347956353954653 0.0003268641110110048 -0.0022347956353954653 0.005913853199499669
0.011965430041279255 -0.0018978317906172667 0.0010356817899449815 -0.0018978317906172667 0.011728545376557795 0.002229286689704269 0.0010356817899449815 0.002229286689704269 0.011945230573744865
-0.001443343771093538 -0.001823461023786111 -0.0020924812050395506 -0.001823461023786111 0.0033365847736348078 -0.002508406604724902 -0.0020924812050395506 -0.002508406604724902 0.0055208817401943035
0.001813361290018917 -0.0017243000013445703 -0.0008759223649002769 -0.0017243000013445703 0.003923287489747257 0.001115561502467334 -0.0008759223649002769 0.001115561502467334 0.0033108763604092224
0.009276146386360061 -0.00023045756141506238 -0.0006812729504779932 -0.00023045756141506238 0.0027930354654367323 0.00019281309919188483 -0.0006812729504779932 0.00019281309919188483 0.00986376726008771
-0.0010953620349329458 -0.002470762142501725 0.0009337662946578423 -0.002470762142501725 -0.007484820879105931 -0.001652683707359013 0.0009337662946578423 -0.001652683707359013 -0.007342506448750015
-0.001966693611757226 0.0020208649110539934 0.002309166402226621 0.0020208649110539934 -0.0014947605975447074 -0.0007262626736227664 0.002309166402226621 -0.0007262626736227664 -0.003996740098963213
-0.002732437062833568 0.001292765922200828 -0.00015333232173830844 0.001292765922200828 -0.00403622087641679 -0.0001726136316574969 -0.00015333232173830844 -0.0001726136316574969 0.0017876528767933326
-0.0032576232187276543 -0.0014617069233975272 0.001851923909857294 -0.0014617069233975272 0.0028674062322678875 0.0009989554853370034 0.001851923909857294 0.0009989554853370034 0.006103911825845955
-0.004848790365868304 -0.0016976734305037863 9.548839198074298e-05 -0.0016976734305037863 0.0015085329617726992 0.002185215124174695 9.548839198074298e-05 0.002185215124174695 0.004932342708851454
-0.0071561204528645265 -0.0022816216737706375 -0.0005013140578989006 -0.0022816216737706375 -0.005768784296298156 0.0027269281171423717 -0.0005013140578989006 0.0027269281171423717 -0.00036359041561898287
-0.004309831845746227 -0.0008492957940594928 0.0007409531954659576 -0.0008492957940594928 -0.002464335039195328 0.002240304581086662 0.0007409531954659576 0.002240304581086662 -0.0039049243374432684
-0.004585279130306061 0.0002433117680278547 0.0004526517042933297 0.0002433117680278547 -0.0052289076185608775 0.0011339246547713228 0.0004526517042933297 0.0011339246547713228 0.004123445849860738
-0.0067851847763239475 -0.002257749575775452 0.0019786296607548185 -0.002257749575775452 -0.011994811084965638 0.002238468265856263 0.0019786296607548185 0.002238468265856263 -0.010269592926005867
0.000581193770421253 0.002219186955937075 0.00303083828777339 0.002219186955937075 0.0005352858896612803 0.00014965969127751064 0.00303083828777339 0.00014965969127751064 0.0009429478708098369
0.009927120135536472 0.00041684355730055105 -3.672630460797807e-06 0.00041684355730055105 0.003972868000968027 -0.00017904073496389307 -3.672630460797807e-06 -0.00017904073496389307 0.005783474818141347
0.0015636224186846663 -0.0009016307781258615 -0.00025616597464064704 -0.0009016307781258615 -0.001274402769896839 -0.0027287644323727702 -0.00025616597464064704 -0.0027287644323727702 0.0018041797138669225
-0.004442964699950147 -0.0004875416936709088 0.0008263418536795065 -0.0004875416936709088 -0.008529684245202906 -4.2235250299174776e-05 0.0008263418536795065 -4.2235250299174776e-05 -0.00046091512283012476
-0.003261295849188452 -0.0011541241223057108 0.003589078117814657 -0.0011541241223057108 -0.00011568785951513091 0.0011835051659920932 0.003589078117814657 0.0011835051659920932 -0.002915150428258259
-0.005317968907235225 0.0009971191701066045 -0.0002928922792486251 0.0009971191701066045 0.0008144058046819136 0.00047193301421251816 -0.0002928922792486251 0.00047193301421251816 -0.001276239085127238
0.00505629398690338 -0.00012027864759112817 -0.0004526517042933297 -0.00012027864759112817 0.00039388961692056473 0.001952921247529234 -0.0004526517042933297 0.001952921247529234 -0.000835523429831501
-0.010928830093719075 0.0007271808312379657 0.00041959803014614944 0.0007271808312379657 -0.00981326859125174 -0.002146652504336318 0.00041959803014614944 -0.002146652504336318 -0.010305401072998646
-0.008216592498419894 0.002703974176762385 0.0014341621949415435 0.002703974176762385 -0.007349851709671611 0.001772044197334942 0.0014341621949415435 0.001772044197334942 0.0013184743354264126
-0.0043823662973469825 -0.0024624987239649297 0.002758145476059153 -0.0024624987239649297 0.0033127126756396217 0.0030455288096165817 0.002758145476059153 0.0030455288096165817 -0.007181828866090111
0.0017151184251925759 0.002759981791289552 -0.0020456551666643784 0.002759981791289552 0.0018197883933253132 0.0011779962203008966 -0.0020456551666643784 0.0011779962203008966 -9.640654959594242e-05
-0.008526011614742108 0.0004462246009869335 -0.0008006334404539218 0.0004462246009869335 -0.00721763701308289 -0.0004930506393621056 -0.0008006334404539218 -0.0004930506393621056 -0.008008170719769617
-0.01468684921273043 0.0009466205012706346 0.0009273391913514462 0.0009466205012706346 -0.01572528547552101 0.002485452664344916 0.0009273391913514462 0.002485452664344916 -0.014362739574565022
0.0074067774818139765 0.002211841695015479 0.002900459906415068 0.002211841695015479 0.005214217096717686 0.003150198777749319 0.002900459906415068 0.003150198777749319 0.009579138399375879
-0.010032708261284409 -0.0027104012800687814 -0.00014598706081671281 -0.0027104012800687814 -0.00956077524707189 -0.0017702078821045428 -0.00014598706081671281 -0.0017702078821045428 -0.007392086959970786
-0.008952954905809853 0.0011045436110849404 0.0016866555391213927 0.0011045436110849404 -0.008715152083473196 0.0019318036223796462 0.0016866555391213927 0.0019318036223796462 -0.0009732470721114188
0.0020860541017331544 -0.0012330856772128636 0.0023036574565354242 -0.0012330856772128636 0.002384455326672976 0.002839861503811904 0.0023036574565354242 0.002839861503811904 0.004591706233612458
0.00467158594613481 -0.0012110498944480769 -0.0005343677320460809 -0.0012110498944480769 -0.004667913315674012 -0.00016802284358149967 -0.0005343677320460809 -0.00016802284358149967 0.0047891101208803405
-0.004981005062457025 -0.0022237777440130718 0.0034137100133115614 -0.0022237777440130718 0.0015195508531550925 -0.002231123004934668 0.0034137100133115614 -0.002231123004934668 -0.0037304743905553724
-0.0022008238036330856 0.00030758280109181635 -0.001254203302362451 0.00030758280109181635 -0.009131077483158547 0.0010953620349329458 -0.001254203302362451 0.0010953620349329458 -0.010406398410670585
-0.007257117790536467 0.0027370278509095654 0.0026718386602304044 0.0027370278509095654 -0.008099986481289564 -0.0008300144841403044 0.0026718386602304044 -0.0008300144841403044 -0.008082541486600772
0.0069017907934542785 0.0017803076158717367 0.0015213871683854914 0.0017803076158717367 0.007699669761062602 0.000294728594479024 0.0015213871683854914 0.000294728594479024 0.007914518643019274
-0.004500808629707712 -0.001654520022589412 -0.0010861804587809513 -0.001654520022589412 -0.00047836011751891435 -0.0006206745478748294 -0.0010861804587809513 -0.0006206745478748294 0.0008832676258218725
-0.002468007669656126 -0.001083425985935353 0.00028371070309663056 -0.001083425985935353 -0.0008070605437603181 0.0017527628874157532 0.00028371070309663056 0.0017527628874157532 -0.0004039893506877588
-0.0068485376517727105 -0.0004636695956757231 -1.1017891382393419e-05 -0.0004636695956757231 -0.007847493137109715 0.0012413490957496587 -1.1017891382393419e-05 0.0012413490957496587 -0.004781764859958745
0.0015783129405278575 -2.9381043686382456e-05 0.0014910879670839096 -2.9381043686382456e-05 0.0040766198114855655 0.0013570369552647896 0.0014910879670839096 0.0013570369552647896 -0.002144816189105919
-0.0025956315781688498 0.0008740860496698781 -0.0016774739629693983 0.0008740860496698781 0.0016471747616678164 -0.0006050658684164386 -0.0016774739629693983 -0.0006050658684164386 0.005436411239595953
-0.000999873642952203 -0.0022347956353954653 -0.0005205953678180891 -0.0022347956353954653 0.004865317202941894 0.0016499292345134146 -0.0005205953678180891 0.0016499292345134146 0.007249772529614871
-0.0031896795552028953 -0.0024377084683545446 -0.0016958371152733874 -0.0024377084683545446 0.002496470555727309 0.0015076148041574995 -0.0016958371152733874 0.0015076148041574995 -0.0009576383926530282
-0.0038571801414528967 0.00013037838135832215 -0.0014451800863239368 0.00013037838135832215 -0.007695997130601803 0.0017435813112637588 -0.0014451800863239368 0.0017435813112637588 -0.004623841750144439
0.008162421199123126 0.0005003959002837012 0.0019400670409164414 0.0005003959002837012 0.01262558536660766 -0.00023963913756705688 0.0019400670409164414 -0.00023963913756705688 0.012306984674133452
-0.0032227332293500756 -0.0019244583614580508 -0.002468007669656126 -0.0019244583614580508 -0.004087637702867959 -0.000941111555579438 -0.002468007669656126 -0.000941111555579438 0.004713821196433985
-0.0014084537817159587 -0.001873959692622081 0.002171442759946703 -0.001873959692622081 0.006737440580333577 0.0010292546866385852 0.002171442759946703 0.0010292546866385852 0.0005775211399604551
0.0024744347729625223 -1.9281309919188485e-05 -0.0026296034099312295 -1.9281309919188485e-05 0.003807599630232126 0.0009760015449570171 -0.0026296034099312295 0.0009760015449570171 -0.0019419033561468403
0.005964351868335638 0.0005747666671148567 -0.0008465413212138945 0.0005747666671148567 -0.000855722897365889 -0.0007547255596939492 -0.0008465413212138945 -0.0007547255596939492 0.001414880885022355
0.007649171092226632 0.00014231443035591501 0.0012330856772128636 0.00014231443035591501 0.006672251389654415 -0.0017086913218861796 0.0012330856772128636 -0.0017086913218861796 0.005675132219547812
-0.007862183658952906 -0.0015975942504470458 -0.001368054846647183 -0.0015975942504470458 -0.0025570689583304727 -0.0018106068171733188 -0.001368054846647183 -0.0018106068171733188 -0.003971031685737629
-0.0005086593188204962 0.00026718386602304044 -0.00045540617713892803 0.00026718386602304044 -0.004340131047047808 0.0028784241236502815 -0.00045540617713892803 0.0028784241236502815 -0.0035422520794394846
-0.007202946491239698 0.0011247430786193284 0.0016379931855158218 0.0011247430786193284 -0.005306032858237632 -0.00043704302483493903 0.0016379931855158218 -0.00043704302483493903 -0.003996740098963213
0.001455279820091131 0.00025341150179504865 0.0008593955278266868 0.00025341150179504865 0.009791232808486953 0.0014874153366231117 0.0008593955278266868 0.0014874153366231117 0.009532312361000708
-0.0055603625176478795 -0.0025763502682496615 -0.0024478082021217383 -0.0025763502682496615 0.003342093719326004 0.0018308062847077066 -0.0024478082021217383 0.0018308062847077066 0.004177617149157506
0.006550136426832889 -0.0018216247085557121 -0.0011862596388376916 -0.0018216247085557121 0.004543043880006887 0.0031924340280484937 -0.0011862596388376916 0.0031924340280484937 0.005048030568366585
0.0038131085759233224 -0.0007143266246251735 -0.000721671885546769 -0.0007143266246251735 -0.0010494541541729734 -0.0013340830148848033 -0.000721671885546769 -0.0013340830148848033 -0.0010154823224105937
0.0019712843998332228 0.0007391168802355585 0.0006032295531860398 0.0007391168802355585 0.0030216567116213957 -0.0010246638985625881 0.0006032295531860398 -0.0010246638985625881 0.006851292124618309
-0.0008593955278266868 -0.0019850567640612147 -8.079787013755175e-05 -0.0019850567640612147 0.00041317092683975325 -0.00019281309919188483 -8.079787013755175e-05 -0.00019281309919188483 0.0067732487273263545
-0.004122527692245538 -0.00252860607225929 0.0004517335466781303 -0.00252860607225929 -0.008285454319559852 0.0013772364227991776 0.0004517335466781303 0.0013772364227991776 -0.00859028264780607
0.0054299841362895574 0.002230204847319468 0.001709609479501379 0.002230204847319468 -0.00025983860510144484 -0.0004049075083029582 0.001709609479501379 -0.0004049075083029582 -0.0004388793400653379
0.004008676147960806 0.0006069021836468376 0.0008942855172042659 0.0006069021836468376 0.0053216415376960225 -0.0019235402038428513 0.0008942855172042659 -0.0019235402038428513 0.006466584083849739
0.0020373917481275833 -0.001311129074504817 -0.0017022642185797834 -0.001311129074504817 -0.0033347484584044084 -0.00033237305670220154 -0.0017022642185797834 -0.00033237305670220154 0.004913979556547466
8.906128867434682e-05 -0.0020373917481275833 0.0020419825362035806 -0.0020373917481275833 0.0018280518118621084 -0.0007345260921595613 0.0020419825362035806 -0.0007345260921595613 -0.003359538714014794
0.007007378919202215 0.0014451800863239368 -0.0010017099581826018 0.0014451800863239368 -0.0011476970189993147 -0.00036818120369498013 -0.0010017099581826018 -0.00036818120369498013 0.00797328073039204
0.0029987027712414095 -0.0021723609175619027 0.0021163533030347363 -0.0021723609175619027 0.006030459216629998 -0.0015351595326134832 0.0021163533030347363 -0.0015351595326134832 -0.002039228063357982
8.997944628954627e-05 0.0018142794476341166 -0.002349565337295397 0.0018142794476341166 -0.00041684355730055105 -0.0008529684245202907 -0.002349565337295397 -0.0008529684245202907 -0.003899415391752071
0.006708059536647193 0.0015783129405278575 -1.652683707359013e-05 0.0015783129405278575 0.006237962837665075 -0.000780433972919534 -1.652683707359013e-05 -0.000780433972919534 0.003520216296674698
0.0035606152317434734 0.0003066646434766169 -0.001166978328918503 0.0003066646434766169 0.00314744430490372 -0.0014607887657823275 -0.001166978328918503 -0.0014607887657823275 -0.00249463424049691
-0.00929450953866405 0.0016682923868174039 -0.0011467788613841153 0.0016682923868174039 -0.010158495854566733 -0.001242267253364858 -0.0011467788613841153 -0.001242267253364858 -0.009524967100079112
-0.0022081690645546813 0.0014938424399295078 0.002012601492517198 0.0014938424399295078 0.0002855470183270295 0.0012982748678920246 0.002012601492517198 0.0012982748678920246 -0.003960931951970435
0.011005037175780627 0.0008878584138978698 -0.0005701758790388595 0.0008878584138978698 0.00882441283968193 0.0003773627798469746 -0.0005701758790388595 0.0003773627798469746 0.00842409611945497
-0.00483960878971631 -0.0015544408425326717 -0.0010806715130897548 -0.0015544408425326717 -0.0057063495784645925 -0.0025570689583304727 -0.0010806715130897548 -0.0025570689583304727 0.001073326252168159
-0.010499132329805731 -0.0019501667746836353 0.0019501667746836353 -0.0019501667746836353 -0.0080393880786864 0.0014396711406327403 0.0019501667746836353 0.0014396711406327403 -0.002235713793010665
0.005165554743112115 -0.0012918477645856286 0.0013717274771079808 -0.0012918477645856286 0.0016214663484422317 0.003059301173844573 0.0013717274771079808 0.003059301173844573 0.002943613314329442
0.00443837391187415 -0.0009053034085866594 -0.00012211496282152709 -0.0009053034085866594 -0.0012312493619824649 -0.0010421088932513777 -0.00012211496282152709 -0.0010421088932513777 0.0008189965927579109
0.009199939304298506 -0.00017353178927269637 0.0008814313105914736 -0.00017353178927269637 0.008416750858533373 -0.0018151976052493159 0.0008814313105914736 -0.0018151976052493159 0.009037425406408204
0.004292386851057437 -0.0013891724717967704 -0.0013643822161863851 -0.0013891724717967704 0.0063628322733322 -0.0014864971790079123 -0.0013643822161863851 -0.0014864971790079123 0.006184709695983507
0.007076240740342175 -0.001282666188433634 -0.0009365207675034408 -0.001282666188433634 0.011508187548909926 -0.00036267225800378346 -0.0009365207675034408 -0.00036267225800378346 0.0083708429777734
0.005030585573677796 -0.0009640654959594242 -0.002168688287101105 -0.0009640654959594242 0.0020777906831963592 -0.000922748403275449 -0.002168688287101105 -0.000922748403275449 0.00827260011294706
-0.012108662629250368 -0.0021842969665594957 0.0011082162415457382 -0.0021842969665594957 -0.008966727270037845 -0.0011660601713033036 0.0011082162415457382 -0.0011660601713033036 -0.00867291683317402
-0.009915184086538879 0.0009484568165010335 0.001009973376719397 0.0009484568165010335 -0.007891564702639287 0.0034183008013875587 0.001009973376719397 0.0034183008013875587 -0.009022734884565013
0.008443377429374158 0.0014056993088703605 0.0004067438235333571 0.0014056993088703605 -0.0022770308856946402 0.00269571075822559 0.0004067438235333571 0.00269571075822559 0.008152321465355931
0.0031070453698349445 -0.0023697648048297847 0.002804971514434325 -0.0023697648048297847 0.0029840122493982177 -0.0025552326431000742 0.002804971514434325 -0.0025552326431000742 -0.005088429503435361
0.0016168755603662344 0.0034183008013875587 -0.0012918477645856286 0.0034183008013875587 -0.004189553198155099 -0.0017674534092589447 -0.0012918477645856286 -0.0017674534092589447 -0.005564035148108677
-0.004091310333328757 0.002178788020868299 0.0011568785951513092 0.002178788020868299 -0.004442964699950147 -0.0011908504269136889 0.0011568785951513092 -0.0011908504269136889 -0.000760234505385146
0.0010512904694033722 -0.00045356986190852916 0.0010274183714081863 -0.00045356986190852916 0.004121609534630338 0.001311129074504817 0.0010274183714081863 0.001311129074504817 -0.005837646117438114
