0.012031537389573615 0.00021852151241746952 0.003944405114896844 0.00021852151241746952 0.01587769963964412 0.002357828755832192 0.003944405114896844 0.002357828755832192 0.020911039686167514
0.01798028057845086 -0.00022586677333906514 0.00792186390394087 -0.00022586677333906514 0.011749663001707385 0.002973912515631024 0.00792186390394087 0.002973912515631024 0.023795890913124187
0.02079626998426758 -0.0035137891933683016 0.005480482805125527 -0.0035137891933683016 0.011947985046590465 0.0014727248147799205 0.005480482805125527 0.0014727248147799205 0.011644074875959446
0.024441355716609405 0.004720248299740381 0.002705810491992784 0.004720248299740381 0.028972463547618697 -0.0006316924392572228 0.002705810491992784 -0.0006316924392572228 0.027448321906387605
0.024028184789769653 0.00210992619972834 -0.0046054785978404495 0.00210992619972834 0.01895628212340788 0.002642457616544022 -0.0046054785978404495 0.002642457616544022 0.034115064350350825
0.022147797993841173 0.004560488874695677 0.0008309326417555037 0.004560488874695677 0.020406971155423014 0.0007069813637035779 0.0008309326417555037 0.0007069813637035779 0.027776104175013815
0.015889635688641712 0.005598006979871057 -0.005182081580185706 0.005598006979871057 0.016567236008658906 0.004522844412472499 -0.005182081580185706 0.004522844412472499 0.007482066406260332
0.016472665774293363 -0.0023284477121458098 0.006419758045474566 -0.0023284477121458098 0.01711078531685698 -0.0018207065509405129 0.006419758045474566 -0.0018207065509405129 0.027429040596468418
0.0251125289333202 0.005356531527073601 -0.008098150166059165 0.005356531527073601 0.011568785951513092 0.005424475190598361 -0.008098150166059165 0.005424475190598361 0.026767048955909617
0.03025972052412833 0.0015131237498486965 -0.0004710148565973187 0.0015131237498486965 0.013477635633512751 0.0007813521305347333 -0.0004710148565973187 0.0007813521305347333 0.01344550011698077
0.020386771687888626 -0.0014240624611743494 -0.003943486957281645 -0.0014240624611743494 0.029231383995104943 0.0009760015449570171 -0.003943486957281645 0.0009760015449570171 0.024716803001169237
0.02798177148081849 0.0013313285420392049 0.00731771619313963 0.0013313285420392049 0.006008423433865212 -0.001617793717981434 0.00731771619313963 -0.001617793717981434 0.014041384409245213
0.01381643579352135 0.0005922116618036463 0.00694861683182945 0.0005922116618036463 0.01369799346116062 0.001441507455863139 0.00694861683182945 0.001441507455863139 0.019230811250352517
0.019889130260450524 0.0028756696508046827 0.004958051122077039 0.0028756696508046827 0.02366275805892027 -0.0038691161904504893 0.004958051122077039 -0.0038691161904504893 0.01599063302631365
0.024330258645170272 -0.0007023905756275805 0.0019804659759852174 -0.0007023905756275805 0.000999873642952203 0.006239799152895474 0.0019804659759852174 0.006239799152895474 0.019482386436917166
0.016524082600744533 -0.007294762252759645 0.0018629418012396876 -0.007294762252759645 0.021473870304284777 0.0014543616624759315 0.0018629418012396876 0.0014543616624759315 0.018696443518306436
0.02535400438611766 0.0009236665608906485 0.0035652060198194707 0.0009236665608906485 0.014241542769358694 -0.005064557405440175 0.0035652060198194707 -0.005064557405440175 0.010636855972085647
0.030755525636336035 0.003052874070538177 0.00038838067122936806 0.003052874070538177 0.030534249651072962 0.0007565618749243482 0.00038838067122936806 0.0007565618749243482 0.020235275681380716
0.016020014070000033 0.0013919269446423688 -0.002589204474862454 0.0013919269446423688 0.015093593036263786 0.004258415019295057 -0.002589204474862454 0.004258415019295057 0.008159666726277527
0.013260950436325681 -0.0038544256686072983 0.0011431062309233172 -0.0038544256686072983 0.01848618542442576 -0.0033779018663187828 0.0011431062309233172 -0.0033779018663187828 0.016399213165077406
0.013820108423982146 0.0018491694370116958 -0.0015158782226942947 0.0018491694370116958 0.026098630212044414 -0.0008006334404539218 -0.0015158782226942947 -0.0008006334404539218 0.00929542769627925
0.025022549487030657 -0.0013258195963480083 -0.00438603892780778 -0.0013258195963480083 0.025291569668284095 0.0013184743354264126 -0.00438603892780778 0.0013184743354264126 0.026962616527947098
0.027397823237551636 0.007576636640625876 0.002459744251119331 0.007576636640625876 0.01833468941791785 -0.0006427103306396162 0.002459744251119331 -0.0006427103306396162 0.014492199798308144
0.0040334664035711915 0.0027269281171423717 0.0008566410549810885 0.0027269281171423717 0.015014631481356634 -0.002086972259348354 0.0008566410549810885 -0.002086972259348354 0.015814346764195356
0.020188449643005542 0.0030721553804573657 0.0035119528781379027 0.0030721553804573657 0.022981485108442275 0.0037414922819377656 0.0035119528781379027 0.0037414922819377656 0.024377084683545443
0.02220472376598354 -0.00048570537844050995 0.005280324445012047 -0.00048570537844050995 0.020120505979480785 0.0030198203963909963 0.005280324445012047 0.0030198203963909963 0.016198136647348725
0.022123925895845987 0.007390250644740386 -0.005802756128060535 0.007390250644740386 0.016906036168667503 -0.007067977321805379 -0.005802756128060535 -0.007067977321805379 0.022393864234714626
0.02362694991192749 -0.0009098941966626566 -0.0008226692232187088 -0.0009098941966626566 0.021711673126621433 0.00045081538906293077 -0.0008226692232187088 0.00045081538906293077 0.02567260507859187
0.015919934889943293 -0.003596423378736252 -0.001252366987132052 -0.003596423378736252 0.01832458968415066 -0.0021512432924123154 -0.001252366987132052 -0.0021512432924123154 0.02038126274219743
0.01615865586989515 -0.0003966440897661631 0.0020052562315956025 -0.0003966440897661631 0.018648699322316064 0.0002111762514958739 0.0020052562315956025 0.0002111762514958739 0.02855102920224215
0.022031191976710843 -0.002140225401029922 -0.0026764294483064017 -0.002140225401029922 0.021135988301891378 0.00012762390851272379 -0.0026764294483064017 0.00012762390851272379 0.029908984315122136
0.018932410025412693 0.007507774819485917 -0.002782935731669538 0.007507774819485917 0.024173253692971165 -0.0017151184251925759 -0.002782935731669538 -0.0017151184251925759 0.011720281958021002
0.004022448512188798 0.001947412301838037 0.0032594595339580537 0.001947412301838037 0.018971890802866268 0.006540036693065694 0.0032594595339580537 0.006540036693065694 0.02232316609834427
0.01234187466351103 0.0009346844522730419 0.0018271336542469087 0.0009346844522730419 0.008158748568662328 0.0008401142179074983 0.0018271336542469087 0.0008401142179074983 0.008056833073375189
0.023705911466834644 -0.0016425839735918191 0.0006454648034852146 -0.0016425839735918191 0.02660545321563451 -0.0019786296607548185 0.0006454648034852146 -0.0019786296607548185 0.012336365717819833
0.015324050597678848 -0.004439292069489349 -0.000581193770421253 -0.004439292069489349 0.019211529940433326 0.0048423632625619085 -0.000581193770421253 0.0048423632625619085 0.02370040252114345
0.016999688245417848 -0.0007740068696131378 0.003982967734735222 -0.0007740068696131378 0.017440403900713587 0.0037396559667073666 0.003982967734735222 0.0037396559667073666 0.023469026802113182
0.014838345219238339 -0.002335792973067405 0.0008685771039786813 -0.002335792973067405 0.026346532768148266 -0.0015425047935350787 0.0008685771039786813 -0.0015425047935350787 0.029498567861127985
0.019937792614056093 0.002096153835500348 0.0023569105982169927 0.002096153835500348 0.02501979501418506 0.0021530796076427144 0.0023569105982169927 0.0021530796076427144 0.02353605230802274
0.014023021256941227 0.007894319175484886 0.005903753465732475 0.007894319175484886 0.018549538299874522 0.002004338073980403 0.005903753465732475 0.002004338073980403 0.02299158484220947
0.020267411197912696 -0.0015425047935350787 -0.00745084904734355 -0.0015425047935350787 0.012654048252678844 0.00012854206612792322 -0.00745084904734355 0.00012854206612792322 0.014898025464226304
0.02132053798254647 -0.0024744347729625223 -0.0016508473921286143 -0.0024744347729625223 0.015226725890467706 -0.0007556437173091488 -0.0016508473921286143 -0.0007556437173091488 0.028172748264779977
0.02834903452689827 -0.0018390697032445017 0.000986101278724211 -0.0018390697032445017 0.0162422082128783 0.0005187590525876902 0.000986101278724211 0.0005187590525876902 0.008525093457126908
-0.005965270025950837 0.009557102616611093 8.906128867434682e-05 0.009557102616611093 0.024554289103278934 0.0005931298194188458 8.906128867434682e-05 0.0005931298194188458 0.00344951816030434
0.01746335784109357 -0.004740447767274769 -0.0019281309919188484 -0.004740447767274769 0.00979582359656295 -0.0008189965927579109 -0.0019281309919188484 -0.0008189965927579109 0.021556504489652725
0.015074311726344597 -0.002973912515631024 0.0007482984563875531 -0.002973912515631024 0.027764168126016217 0.0006399558577940179 0.0007482984563875531 0.0006399558577940179 0.03287646972744677
0.028210392727003156 -0.0004838690632101111 -0.0032071245498916847 -0.0004838690632101111 0.015295587711607665 -0.005182081580185706 -0.0032071245498916847 -0.005182081580185706 0.02353605230802274
0.015354349798980432 0.0033274031974828127 -0.00023963913756705688 0.0033274031974828127 0.021229640378641723 0.0005013140578989006 -0.00023963913756705688 0.0005013140578989006 0.014527089787685726
0.021430716896370404 -0.001773880512565341 0.004301568427209431 -0.001773880512565341 0.01865420826800726 0.0009089760390474571 0.004301568427209431 0.0009089760390474571 0.021241576427639318
0.022014665139637252 -0.009181576151994518 -0.004455818906562939 -0.009181576151994518 0.012284948891368663 -0.00040949829637895545 -0.004455818906562939 -0.00040949829637895545 0.02702413308816546
0.011433816782078773 0.0035863236449690584 0.00011568785951513091 0.0035863236449690584 0.028899929096017938 -0.001018236795256192 0.00011568785951513091 -0.001018236795256192 0.008092641220367968
0.02000849075042645 -0.002431281365048148 -0.0046881127832084 -0.002431281365048148 0.017105276371165785 -0.006671333232039216 -0.0046881127832084 -0.006671333232039216 0.01170742775140821
0.013907333397426096 0.001063226518400965 -0.0001634320555055024 0.001063226518400965 0.022097299325005204 -0.0031134724731413407 -0.0001634320555055024 -0.0031134724731413407 0.019854240271072944
0.022023846715789247 0.0014130445697919563 -0.0018308062847077066 0.0014130445697919563 0.01738072365572562 -0.00175827183310695 -0.0018308062847077066 -0.00175827183310695 0.013303185686624856
0.01779848537064137 -0.002363337701523389 -0.0031134724731413407 -0.002363337701523389 0.001595757935216647 -0.001786734719178133 -0.0031134724731413407 -0.001786734719178133 0.02849593974533018
0.01722922764921771 -0.00025708413225584645 -0.007951244947627252 -0.00025708413225584645 0.026733077124147235 0.00798521677938963 -0.007951244947627252 0.00798521677938963 0.011263039465651672
0.011638565930268251 -0.004720248299740381 -0.007310370932218035 -0.004720248299740381 0.019381389099245225 0.004273105541138248 -0.007310370932218035 0.004273105541138248 0.018120758693576378
0.018061996606203615 0.004650468320985222 -0.0016196300332118327 0.004650468320985222 0.0190930876080726 -0.0021145169878043373 -0.0016196300332118327 -0.0021145169878043373 0.016781166733000376
0.01883324900297115 -0.0047220846149707806 -0.0004269432910677451 -0.0047220846149707806 0.011211622639200506 -0.0011816688507616945 -0.0004269432910677451 -0.0011816688507616945 0.00866006262656123
0.03276904528646843 -0.006756721890252766 -0.0034017739643139684 -0.006756721890252766 0.034194025905257976 0.005990978439176423 -0.0034017739643139684 0.005990978439176423 0.024036448208306447
0.014471082173158558 -0.00045816064998452637 0.0038819703970632818 -0.00045816064998452637 0.008434195853222163 -0.0012404309381344593 0.0038819703970632818 -0.0012404309381344593 0.030703190652269664
0.02892288303639793 -0.00011752417474552982 -0.0007179992550859712 -0.00011752417474552982 0.021823688355675767 -0.00039848040499656205 -0.0007179992550859712 -0.00039848040499656205 0.02718113804036457
0.03821280178698598 -0.0012496125142864537 -0.005395094146911978 -0.0012496125142864537 0.015091756721033387 -0.006448220931545749 -0.005395094146911978 -0.006448220931545749 0.0008245055384491077
0.02275837280794881 -3.672630460797807e-05 -0.005444674658132748 -3.672630460797807e-05 0.028208556411772757 -0.0005867027161124496 -0.005444674658132748 -0.0005867027161124496 0.015450756348576374
0.013152607837732146 0.0008906128867434682 -0.0028857693845718768 0.0008906128867434682 0.011724872746096997 -0.0013166380201960137 -0.0028857693845718768 -0.0013166380201960137 0.03350632585147359
0.019706416895025832 0.006134211027147537 -0.005570462251415074 0.006134211027147537 0.0118883048016025 0.0046844401527476025 -0.005570462251415074 0.0046844401527476025 0.02998610955479889
0.008568246865041283 -0.004848790365868304 -0.0023890461147489735 -0.004848790365868304 0.008147730677279934 -0.0005205953678180891 -0.0023890461147489735 -0.0005205953678180891 0.020675073179061254
0.02573687611165583 -8.5388658213549e-05 -0.000855722897365889 -8.5388658213549e-05 0.01826582759677789 -0.0019979109706740068 -0.000855722897365889 -0.0019979109706740068 0.03124490364523734
0.008960300166731449 0.0038452440924553037 -0.004184962410079101 0.0038452440924553037 0.016683842025789236 -0.006404149366016175 -0.004184962410079101 -0.006404149366016175 0.008497548728670926
0.027394150607090842 0.004113346116093543 -0.0030932730056069525 0.004113346116093543 0.018014252410213243 -0.0007464621411571543 -0.0030932730056069525 -0.0007464621411571543 0.0269561894246407
0.018246546286858702 0.003758019119011356 -0.0007446258259267553 0.003758019119011356 0.012321675195976642 0.006090139461617963 -0.0007446258259267553 0.006090139461617963 0.019805577917467374
0.02987409432574456 -0.002034637275281985 0.0012303312043672654 -0.002034637275281985 0.011007791648626227 0.005619124605020644 0.0012303312043672654 0.005619124605020644 0.02288966934692233
0.01926937387019089 0.0014323258797111446 -0.002956467520942234 0.0014323258797111446 0.02469660353363485 0.0071249030939477456 -0.002956467520942234 0.0071249030939477456 0.03085927744685357
0.023368947622056446 -0.0013313285420392049 -0.0008483776364442933 -0.0013313285420392049 0.015937379884632084 -0.003039101706310185 -0.0008483776364442933 -0.003039101706310185 0.01899392658563106
0.026301543045003494 0.0004618332804453242 0.002739782323755164 0.0004618332804453242 0.02130033851501208 0.0035762239112018643 0.002739782323755164 0.0035762239112018643 0.022776735960252797
0.019189494157668543 0.003939814326820847 -0.0028628154441918906 0.003939814326820847 0.022995257472670266 -0.0021870514394050937 -0.0028628154441918906 -0.0021870514394050937 0.025484382767475982
0.01667649676486764 0.003844325934840104 0.005249107086095266 0.003844325934840104 0.015350677168519634 -0.0008658226311330829 0.005249107086095266 -0.0008658226311330829 0.03350357137862799
0.020469405873256578 0.0032658866372644495 0.0013157198625808142 0.0032658866372644495 0.02797626253512729 -0.0019868930792916136 0.0013157198625808142 -0.0019868930792916136 0.028280172705758312
0.02013152387086318 0.004610987543531646 0.003199779288970089 0.004610987543531646 0.010437615769587367 -0.0005022322155141001 0.003199779288970089 -0.0005022322155141001 0.02881913122588039
0.0216051668432583 -0.0006656642710196024 -0.0017949981377149281 -0.0006656642710196024 0.030906103485228743 -0.007819030251038531 -0.0017949981377149281 -0.007819030251038531 0.02285753383039035
0.020507050335479754 -0.0009659018111898231 -0.006001996330558816 -0.0009659018111898231 0.021078144372133813 -0.0019841386064460152 -0.006001996330558816 -0.0019841386064460152 0.016547036541124518
0.021729118121310224 0.0022246959016282717 7.345260921595614e-06 0.0022246959016282717 0.018241037341167506 0.00398664036519602 7.345260921595614e-06 0.00398664036519602 0.013272886485323274
0.028572146827391735 -0.0022164324830914765 -0.005334495744308815 -0.0022164324830914765 0.021995383829718065 0.0036395767866506264 -0.005334495744308815 0.0036395767866506264 0.02316236215863657
0.015730794421212207 -0.0004388793400653379 -0.003335666616019608 -0.0004388793400653379 0.02309074586465101 -0.002096153835500348 -0.003335666616019608 -0.002096153835500348 0.0232734592300757
0.019184903369592544 -0.005226153145715279 -0.00530786917346803 -0.005226153145715279 0.02213586194484358 0.004675258576595608 -0.00530786917346803 0.004675258576595608 0.006883427641150289
0.022953022222371094 0.0053611223151495985 -2.754472845598355e-05 0.0053611223151495985 0.016301888457866266 0.003049201440077379 -2.754472845598355e-05 0.003049201440077379 0.026317151724461887
0.027448321906387605 0.005249107086095266 -0.0015314869021526853 0.005249107086095266 0.02368203936883946 0.004666077000443613 -0.0015314869021526853 0.004666077000443613 0.017033660077180227
0.02666329714539208 -0.004495299684016516 0.0037534283309353586 -0.004495299684016516 0.030365308649876268 -0.0007106539941643756 0.0037534283309353586 -0.0007106539941643756 0.018358561515913037
0.014842017849699136 -0.00044897907383253184 0.0009686562840354216 -0.00044897907383253184 0.008346970879778214 0.0033430118769412036 0.0009686562840354216 0.0033430118769412036 0.012217923385459104
0.03054067675437936 -0.004465000482714933 0.0020502459547403758 -0.004465000482714933 0.019541148524289932 0.002247649842008258 0.0020502459547403758 0.002247649842008258 0.024266905769721507
0.016132029299054364 -0.005437329397211153 -0.00576052087776136 -0.005437329397211153 0.028679571268370077 -0.003146526147288521 -0.00576052087776136 -0.003146526147288521 0.01899117211278546
0.02153630502211834 0.006646542976428831 0.000741871353081157 0.006646542976428831 0.01651214655174694 -0.0016233026636726306 0.000741871353081157 -0.0016233026636726306 0.02356635150932433
0.0172475908015217 0.0009842649634938122 -0.0018748778502372804 0.0009842649634938122 0.03870217979588729 -0.004904797980395471 -0.0018748778502372804 -0.004904797980395471 0.012077445270333588
0.02613994730472839 -0.006318760707802626 -0.001587494516679852 -0.006318760707802626 0.02373161988006023 0.0028462886071183003 -0.001587494516679852 0.0028462886071183003 0.02379497275550899
0.025226380477604934 0.0005931298194188458 0.0006307742816420234 0.0005931298194188458 0.019932283668364897 -0.006015768694786807 0.0006307742816420234 -0.006015768694786807 0.02990990247273734
0.00828912695002065 -0.0022981485108442275 -0.006561154318215282 -0.0022981485108442275 0.03283607079237799 0.000504068530744499 -0.006561154318215282 0.000504068530744499 0.017408268384181604
0.028596937083002122 -0.0021650156566403074 -0.0014424256134783387 -0.0021650156566403074 0.018076687128046803 0.0022448953691626594 -0.0014424256134783387 0.0022448953691626594 0.025522027229699158
0.029579365731265534 -0.0009319299794274434 -0.0072011101760093 -0.0009319299794274434 0.025163945759771374 0.005590661718949462 -0.0072011101760093 0.005590661718949462 0.029583956519341537
0.022123925895845987 -0.0013386738029608006 -8.447050059834955e-05 -0.0013386738029608006 0.021829197301366964 0.0028775059660350816 -8.447050059834955e-05 0.0028775059660350816 0.026488847198504185
0.03168378298530268 -0.0010861804587809513 0.00269571075822559 -0.0010861804587809513 0.027288562481342905 -0.0017252181589597698 0.00269571075822559 -0.0017252181589597698 0.017539564923155126
0.01870470693684323 -0.0019106859972300588 -0.0030051298745478053 -0.0019106859972300588 0.026797348157211198 -0.0026755112906912022 -0.0030051298745478053 -0.0026755112906912022 0.01984138606446015
