0.023183479783786157 -0.003085927744685357 0.006574008524828074 -0.003085927744685357 0.029534376008120762 0.0017142002675773762 0.006574008524828074 0.0017142002675773762 0.015381894527436414
0.025683622969974264 -0.0015893308319102507 0.006557481687754484 -0.0015893308319102507 0.024996841073805072 -0.0008961218324346649 0.006557481687754484 -0.0008961218324346649 0.018039960823438825
0.0216014942127975 -0.0022366319506258643 0.0053234778529264205 -0.0022366319506258643 0.015766602568204984 -0.003238341908808466 0.0053234778529264205 -0.003238341908808466 0.014622578179666466
0.016579172057656497 -0.00272968258998797 0.0001762862621182947 -0.00272968258998797 0.010731426206451192 -0.0032438508544996632 0.0001762862621182947 -0.0032438508544996632 0.008215674340804694
0.012650375622218045 -0.0012688938242056422 -0.0038709525056808886 -0.0012688938242056422 0.007405859324198778 -1.5608679458390678e-05 -0.0038709525056808886 -1.5608679458390678e-05 0.0011495333342297135
0.012638439573220453 -0.00012119680520632764 -0.002115435145419537 -0.00012119680520632764 0.0016829829086605949 0.0018840594263892748 -0.002115435145419537 0.0018840594263892748 -0.004358494199351797
0.015301096657298863 -0.001679310278199797 0.0008235873808339082 -0.001679310278199797 -0.0004985595850533022 -0.00047836011751891435 0.0008235873808339082 -0.00047836011751891435 -0.00999873642952203
0.01374665581476619 -0.006608898514205653 0.002625930779470432 -0.006608898514205653 -0.003887479342754478 -0.006638279557892035 0.002625930779470432 -0.006638279557892035 -0.01814830342203236
0.00666582428634802 -0.007466457726801942 0.003747919385244162 -0.007466457726801942 -0.013051610500060207 -0.011094098464454975 0.003747919385244162 -0.011094098464454975 -0.026062822065051634
0.000684945580938791 -0.0030813369566093595 0.0012936840798160275 -0.0030813369566093595 -0.020570403210928515 -0.010258575034623475 0.0012936840798160275 -0.010258575034623475 -0.03009353399577723
-0.002898623591184669 -0.001654520022589412 0.0019584301932204307 -0.001654520022589412 -0.02123423116671772 -0.00684761949415751 0.0019584301932204307 -0.00684761949415751 -0.030849177713086377
-0.006489538024229724 -0.0018060160290973215 0.008903374394589084 -0.0018060160290973215 -0.013477635633512751 -0.004963560067768236 0.008903374394589084 -0.004963560067768236 -0.02918547611434497
-0.011529305174059515 -0.0017215455284989717 0.012573250382541291 -0.0017215455284989717 -0.011229985791504495 -0.0034017739643139684 0.012573250382541291 -0.0034017739643139684 -0.025889290275778937
-0.010539531264874506 -0.001386417998951172 0.006909136054375874 -0.001386417998951172 -0.013671366890319834 -0.001813361290018917 0.006909136054375874 -0.001813361290018917 -0.01676280358069639
-0.011058290317462197 0.0023192661359938147 0.002681020236382399 0.0023192661359938147 -0.013322466996544045 -0.0020787088408115587 0.002681020236382399 -0.0020787088408115587 -0.009668199688050227
-0.014075356241007596 0.005393257831681579 -7.620708206155449e-05 0.005393257831681579 -0.013270132012477676 -0.0026966289158407894 -7.620708206155449e-05 -0.0026966289158407894 -0.009747161242957379
-0.011695491702410615 0.008207410922267898 -0.002977585146091822 0.008207410922267898 -0.009399179506796787 -0.0042345429212998715 -0.002977585146091822 -0.0042345429212998715 -0.01066623701577203
-0.006139719972838733 0.010457815237121755 -0.0032392600664236655 0.010457815237121755 -0.004893780089013078 -0.00607912157023557 -0.0032392600664236655 -0.00607912157023557 -0.008069687279987981
-0.0014359985101719424 0.007794239995428145 -0.0014965969127751061 0.007794239995428145 -0.0008529684245202907 -0.00433737657420221 -0.0014965969127751061 -0.00433737657420221 -0.002937186211023046
0.0021292075096475283 0.002089726732193952 -0.0006445466458700151 0.002089726732193952 0.004690867256053999 0.0011862596388376916 -0.0006445466458700151 0.0011862596388376916 0.001764698936413346
0.0034339094808459496 -0.00041684355730055105 -0.0006096566564924359 -0.00041684355730055105 0.009304609272431244 0.005969860814026835 -0.0006096566564924359 0.005969860814026835 0.0029482041024054394
0.0014323258797111446 -0.0007997152828387224 -0.002758145476059153 -0.0007997152828387224 0.009640654959594243 0.008695870773554007 -0.002758145476059153 0.008695870773554007 -0.00047836011751891435
0.002439544783584943 -0.002385373484288175 -0.0038737069785264866 -0.002385373484288175 0.00800266177407842 0.008693116300708409 -0.0038737069785264866 0.008693116300708409 -0.0069633073536726426
0.007490329824797127 -0.0034660449973779304 -0.0019611846660660287 -0.0034660449973779304 0.007583063743932271 0.004781764859958745 -0.0019611846660660287 0.004781764859958745 -0.006646542976428831
0.011221722372967698 -0.0030932730056069525 0.0012248222586760686 -0.0030932730056069525 0.007012887864893412 0.00013588732704951885 0.0012248222586760686 0.00013588732704951885 -0.001292765922200828
0.014929242823143084 -0.0012569577752080494 0.003957259321509637 -0.0012569577752080494 0.007145102561482133 -0.0016958371152733874 0.003957259321509637 -0.0016958371152733874 -0.0010705717793225607
0.01684819223890994 0.00237802822336658 0.004543962037622086 0.00237802822336658 0.009838977004477324 -0.002347729022064998 0.004543962037622086 -0.002347729022064998 -0.00668143296580641
0.01613845640236076 0.006024950270938802 0.006327024126339422 0.006024950270938802 0.010362326845141013 -0.0027278462747575708 0.006327024126339422 -0.0027278462747575708 -0.01131996523779404
0.01587769963964412 0.007198355703163701 0.009407442925333583 0.007198355703163701 0.006790693722015145 -0.003205288234661286 0.009407442925333583 -0.003205288234661286 -0.0082064927646527
0.016384522643234214 0.003953586691048839 0.005713694839386188 0.003953586691048839 0.000892449201973867 -0.002759063633674352 0.005713694839386188 -0.002759063633674352 -0.004124364007475937
0.0185899372349433 -0.00047376932944291703 -0.0014525253472455328 -0.00047376932944291703 -0.0023973095332857682 0.0004563243347541275 -0.0014525253472455328 0.0004563243347541275 -0.0017169547404229748
0.0197569155638618 -0.0031804979790509007 -0.005454774391899943 -0.0031804979790509007 -5.876208737276491e-05 0.005651260121552626 -0.005454774391899943 0.005651260121552626 0.004162926627314314
0.016502046817979746 -0.004648632005754824 -0.004143645317395125 -0.004648632005754824 0.002757227318443953 0.008111004372671956 -0.004143645317395125 0.008111004372671956 0.01195624846512726
0.009700335204582208 -0.0056172882897902445 -0.0005628306181172639 -0.0056172882897902445 0.003597341536351452 0.0056136156593294476 -0.0005628306181172639 0.0056136156593294476 0.014858544686772725
0.004216179768995882 -0.005227989460945678 0.002086972259348354 -0.005227989460945678 0.005770620611528553 0.0021659338142555064 0.002086972259348354 0.0021659338142555064 0.013441827486519974
0.0027957899382823307 -0.006353650697180206 0.0022999848260746264 -0.006353650697180206 0.006016686852402008 0.0007317716193139629 0.0022999848260746264 0.0007317716193139629 0.017293498682281673
0.0027911991502063333 -0.005987305808715624 0.001918949415766854 -0.005987305808715624 0.004300650269594232 0.0007189174127011707 0.001918949415766854 0.0007189174127011707 0.020721899217436425
0.0032218150717348757 -0.0035119528781379027 0.000638119542563619 -0.0035119528781379027 0.009440496599480762 0.0026433757741592214 0.000638119542563619 0.0026433757741592214 0.01768647014158704
0.0032723137405708458 -0.0036285588952682333 -0.0015498500544566746 -0.0036285588952682333 0.01354741561226791 0.0035339886609026894 -0.0015498500544566746 0.0035339886609026894 0.008839103361525122
9.181576151994517e-05 -0.005789901921447742 -0.0019143586276908567 -0.005789901921447742 0.008602218696803663 0.0007932881795323262 -0.0019143586276908567 0.0007932881795323262 0.0035082802476771053
-0.0037396559667073666 -0.005852336639281305 0.0006105748141076354 -0.005852336639281305 0.002989521195089415 -0.002721419171451175 0.0006105748141076354 -0.002721419171451175 0.0017270544741901687
-0.00572838536122938 -0.004919488502238662 0.002882096754111079 -0.004919488502238662 0.00048478722082531054 -0.0040885558604831585 0.002882096754111079 -0.0040885558604831585 0.00033971831762379714
-0.007337915660674018 -0.004779928544728346 -0.0008694952615938809 -0.004779928544728346 -0.0004333703943741412 -0.0014258987764047483 -0.0008694952615938809 -0.0014258987764047483 -0.004245560812682264
-0.004026121142649596 -0.006071776309313975 -0.0034844081496819192 -0.006071776309313975 -0.004841445104946708 0.0036028504820426483 -0.0034844081496819192 0.0036028504820426483 -0.009217384298987295
-0.0028141530905863195 -0.006125947608610741 -0.002039228063357982 -0.006125947608610741 -0.008110086215056758 0.005816528492288526 -0.002039228063357982 0.005816528492288526 -0.005565871463339076
-0.00726721752430366 -0.004092228490943956 -0.00028646517594222896 -0.004092228490943956 -0.007646416619381034 0.004245560812682264 -0.00028646517594222896 0.004245560812682264 -0.0036221317919618366
-0.0066373614002768365 -0.0019217038886124526 -0.00014598706081671281 -0.0019217038886124526 -0.008191802242809508 0.0005995569227252419 -0.00014598706081671281 0.0005995569227252419 -0.0048065551155691295
-0.00025616597464064704 -0.00035808146992778614 -0.002211841695015479 -0.00035808146992778614 -0.005645751175861428 -0.001053126784633771 -0.002211841695015479 -0.001053126784633771 -0.0023165116631482167
0.0026599026112328113 -0.0009098941966626566 -0.007558273488321886 -0.0009098941966626566 0.0014947605975447074 0.00013864179989511721 -0.007558273488321886 0.00013864179989511721 -0.0019345580952252446
0.0002148488819566717 -0.00147364297239512 -0.011444834673461165 -0.00147364297239512 0.00729935304083564 0.0022917214075378316 -0.011444834673461165 0.0022917214075378316 -0.009850913053474917
0.00046275143806052363 -0.0023945550604401703 -0.007850247609955313 -0.0023945550604401703 0.009703089677427806 0.003102454581758947 -0.007850247609955313 0.003102454581758947 -0.009938138026918864
0.0028876056998022753 -0.0013891724717967704 -0.001301029340737623 -0.0013891724717967704 0.00895754569388585 0.003679975721719403 -0.001301029340737623 0.003679975721719403 -0.0035055257748315065
-0.00047927827513411376 0.0015213871683854914 0.0010329273170993833 0.0015213871683854914 0.006288461506501045 0.0050966929219721565 0.0010329273170993833 0.0050966929219721565 -0.0026966289158407894
-0.005980878705409229 0.004146399790240724 -0.0004278614486829445 0.004146399790240724 0.0008896947291282687 0.0050315037312929954 -0.0004278614486829445 0.0050315037312929954 -0.0006555645372524085
-0.008803295214532342 0.005568625936184674 -0.0015287324293070872 0.005568625936184674 0.0012670575089752433 0.003085927744685357 -0.0015287324293070872 0.003085927744685357 0.0007987971252235229
-0.010838850647429527 0.004919488502238662 -0.004767992495730753 0.004919488502238662 0.0038691161904504893 0.0040215303545735985 -0.004767992495730753 0.0040215303545735985 0.003949914060588041
-0.013135162843043356 0.003211715337967682 -0.005386830728375183 0.003211715337967682 -0.0006491374339460123 0.004951624018770643 -0.005386830728375183 0.004951624018770643 0.005699922475158196
4.1317092683975326e-05 -0.000341554632854196 -0.0021191077758803347 -0.000341554632854196 0.0008979581476650637 0.0008254236960643071 -0.0021191077758803347 0.0008254236960643071 0.002250404314853856
0.013786136592219767 -0.004809309588414729 -0.0039306327506688525 -0.004809309588414729 0.001652683707359013 -0.0024652531968105277 -0.0039306327506688525 -0.0024652531968105277 -0.0008887765715130693
0.017528547031772732 -0.005277569972166448 -0.0036515128356482194 -0.005277569972166448 -0.004453982591332541 -0.0035652060198194707 -0.0036515128356482194 -0.0035652060198194707 -0.0049938592690698174
0.01116938738890133 -0.0028288436124295105 -0.00037460830700137627 -0.0028288436124295105 -0.008295554053327046 -0.0009291755065818451 -0.00037460830700137627 -0.0009291755065818451 -0.004553143613774081
-0.0006647461134044031 -0.00014506890320151335 0.002205414591709083 -0.00014506890320151335 -0.007833720772881723 0.002583695529171257 0.002205414591709083 0.002583695529171257 -0.0015149600650790954
-0.009035589091177805 0.0013313285420392049 0.0015461774239958767 0.0013313285420392049 -0.001918949415766854 0.003244769012114862 0.0015461774239958767 0.003244769012114862 0.0028527157104246965
-0.007923700219171268 0.002006174389210802 -3.9480777453576426e-05 0.002006174389210802 0.004508153890629308 -0.00022494861572386565 -3.9480777453576426e-05 -0.00022494861572386565 0.007932881795323263
-0.0004746874870581165 0.0021025809388067443 -0.000180877050194292 0.0021025809388067443 0.01028061081738826 -0.002894950960723871 -0.000180877050194292 -0.002894950960723871 0.011516450967446723
0.006312333604496231 0.0008401142179074983 2.2035782764786838e-05 0.0008401142179074983 0.014727248147799205 -0.0005288587863548842 2.2035782764786838e-05 -0.0005288587863548842 0.013327057784620042
0.010987592181091839 2.1117625149587388e-05 -0.0020548367428163726 2.1117625149587388e-05 0.01681238409191716 0.0020282101719755886 -0.0020548367428163726 0.0020282101719755886 0.013766855282300578
0.0070340054900429995 -0.0003773627798469746 -0.004497135999246915 -0.0003773627798469746 0.020000227331889657 0.0016132029299054365 -0.004497135999246915 0.0016132029299054365 0.010578093884712883
0.00360101416681225 0.002619503676164036 -0.005417129929676765 0.002619503676164036 0.025841546079788568 0.0005995569227252419 -0.005417129929676765 0.0005995569227252419 0.0036404949442658263
0.010481687335116941 0.004023366669803997 -0.0033760655510883843 0.004023366669803997 0.026535673236879356 0.0013726456347231803 -0.0033760655510883843 0.0013726456347231803 -0.002140225401029922
0.011163878443210134 0.0031814161366661 -0.0015177145379246936 0.0031814161366661 0.022842843308547158 0.002892196487878273 -0.0015177145379246936 0.002892196487878273 -0.0022026601188634845
0.0028894420150326746 0.00046091512283012476 0.00025157518656464977 0.00046091512283012476 0.016733422537010007 0.0014139627274071557 0.00025157518656464977 0.0014139627274071557 0.001099952823008943
-0.002233877477780266 0.00011568785951513091 0.0030436924943861824 0.00011568785951513091 0.010036380891745206 -0.00021760335480227008 0.0030436924943861824 -0.00021760335480227008 0.0017573536754917506
-0.00022770308856946402 0.0042327066060694725 0.0054419201852871505 0.0042327066060694725 0.005296851282085637 -0.0007620708206155449 0.0054419201852871505 -0.0007620708206155449 -0.000560994302886865
0.0023155935055330173 0.00840756928238138 0.005939561612725254 0.00840756928238138 0.0033540297683235967 -0.00299778461362621 0.005939561612725254 -0.00299778461362621 -0.0024634168815801287
-0.0019253765190732502 0.007038596278118997 0.00475605644673316 0.007038596278118997 -0.002324775081685012 -0.005957006607414043 0.00475605644673316 -0.005957006607414043 -0.0034054465947747662
-0.005238089194712871 0.0046862764679780015 0.0026066494695512433 0.0046862764679780015 -0.00951211289346632 -0.006729177161796781 0.0026066494695512433 -0.006729177161796781 5.7843929757565454e-05
-0.0013258195963480083 0.005943234243186051 0.0004765238022885155 0.005943234243186051 -0.01225924047814308 -0.0031685619300533077 0.0004765238022885155 -0.0031685619300533077 0.005701758790388595
0.003517461823829099 0.008235873808339081 -0.0008713315768242797 0.008235873808339081 -0.013840307891516536 0.0035339886609026894 -0.0008713315768242797 0.0035339886609026894 0.0063628322733322
0.001969448084602824 0.005640242230170232 0.0008612318430570857 0.005640242230170232 -0.007046859696655791 0.007129493882023743 0.0008612318430570857 0.007129493882023743 -0.0008814313105914736
-0.004384202612577382 0.002122780406341132 0.005304196543007232 0.002122780406341132 0.003939814326820847 0.0071506115071733305 0.005304196543007232 0.0071506115071733305 -0.01089944905003269
-0.006183791538368307 -0.0013175561778112131 0.007866774447028903 -0.0013175561778112131 0.005077411612052968 0.005983633178254827 0.007866774447028903 0.005983633178254827 -0.016622325465570874
-0.0027508002151375574 -0.003994903783732815 0.005722876415538182 -0.003994903783732815 0.005868863476354895 0.004243724497451866 0.005722876415538182 0.004243724497451866 -0.01686471907598353
-0.002686529182073596 -0.006583190100980068 0.002650721035080817 -0.006583190100980068 0.013099354696050575 0.0011605512256121068 0.002650721035080817 0.0011605512256121068 -0.015568280523321903
-0.008225774074571889 -0.00962780075298145 0.0037782185865457437 -0.00962780075298145 0.016918890375280295 -0.001110052556776137 0.0037782185865457437 -0.001110052556776137 -0.019380470941630024
-0.015140419074638959 -0.009190757728146511 0.00560994302886865 -0.009190757728146511 0.01331328542039205 -0.0012918477645856286 0.00560994302886865 -0.0012918477645856286 -0.020024099429884843
-0.017292580524666472 -0.004114264273708743 0.0058918174167348816 -0.004114264273708743 0.002756309160828754 0.0004140890844549527 0.0058918174167348816 0.0004140890844549527 -0.015431475038657185
-0.011076653469766185 -0.0031878432399724964 0.006555645372524085 -0.0031878432399724964 -0.00813763094351274 0.0028628154441918906 0.006555645372524085 0.0028628154441918906 -0.012604467741458071
-0.005540163050113491 -0.003917778544056061 0.006230617576743479 -0.003917778544056061 -0.015407602940661999 -5.50894569119671e-05 0.006230617576743479 -5.50894569119671e-05 -0.007165302029016521
-0.0056136156593294476 -0.0013754001075687787 0.003720374656788178 -0.0013754001075687787 -0.016200891120194325 -0.0029234138467950544 0.003720374656788178 -0.0029234138467950544 -0.003185088767126898
-0.006946780516599052 0.002735191535679167 0.002734273378063967 0.002735191535679167 -0.014877825996691914 -0.0015691313643758631 0.002734273378063967 -0.0015691313643758631 -0.003926041962592855
-0.0070872586317245675 0.0034403365841523454 0.002266931151927446 0.0034403365841523454 -0.013350929882615228 -0.0016655379139718053 0.002266931151927446 -0.0016655379139718053 -0.007402186693737979
-0.000884185783437072 -0.0020456551666643784 -0.0003957259321509637 -0.0020456551666643784 -0.009704007835043004 -0.0030583830162293733 -0.0003957259321509637 -0.0030583830162293733 -0.006693369014804003
0.005631978811633437 -0.007078077055572573 -0.0015930034623710487 -0.007078077055572573 -0.0070477778542709915 -0.003151116935364518 -0.0015930034623710487 -0.003151116935364518 -0.003510116562907504
0.005956088449798842 -0.004528353358163696 0.0011991138454504838 -0.004528353358163696 -0.004878171409554687 -0.003780973059391342 0.0011991138454504838 -0.003780973059391342 -0.006615325617512049
0.004513662836320504 0.0010439452084817764 0.003888397500369678 0.0010439452084817764 0.0015985124080622455 -0.000571094036654059 0.003888397500369678 -0.000571094036654059 -0.00964616390528544
0.0008364415874467004 0.0050315037312929954 0.00353307050328749 0.0050315037312929954 0.009352353468421615 0.002935349895792647 0.00353307050328749 0.002935349895792647 -0.00698258866359183
-0.004115182431323943 0.006211336266824291 0.001952921247529234 0.006211336266824291 0.013032329190141018 0.004385120770192581 0.001952921247529234 0.004385120770192581 -0.00333291214317401
-0.0013074564440440192 0.003740574124322566 0.0017793894582565375 0.003740574124322566 0.010285201605464258 0.006293970452192241 0.0017793894582565375 0.006293970452192241 -0.0021393072434147224
0.007410450112274775 0.004216179768995882 0.0018170339204797148 0.004216179768995882 0.003445845529843542 0.006604307726129656 0.0018170339204797148 0.006604307726129656 0.00037001751892537906
0.012185787868927121 0.0014929242823143085 0.0075389921784026976 0.0014929242823143085 0.003770873325624148 0.004111509800863145 0.0075389921784026976 0.004111509800863145 0.0033531116107083977
