0.030886822175309553 0.0057063495784645925 0.0032062063922764852 0.0057063495784645925 0.029059688521062645 -0.00044438828575653463 0.0032062063922764852 -0.00044438828575653463 0.022007319878715657
0.027351915356791663 0.008128449367360745 0.0037681188527785496 0.008128449367360745 0.02506294842209943 0.001312965389735216 0.0037681188527785496 0.001312965389735216 0.022246959016282715
0.021299420357396882 0.006210418109209091 0.00034706357854539274 0.006210418109209091 0.014488527167847346 0.002492797925266511 0.00034706357854539274 0.002492797925266511 0.018191456829946738
0.010828750913662333 0.001890486529695671 -0.005881717682967688 0.001890486529695671 -0.0020070925468260014 0.0012248222586760686 -0.005881717682967688 0.0012248222586760686 0.0076060176843122575
0.003182334294281299 0.00028646517594222896 -0.008248728014951873 0.00028646517594222896 -0.011542159380672306 2.8462886071183002e-05 -0.008248728014951873 2.8462886071183002e-05 -0.0008079787013755176
0.003077664326148562 0.0009080578814322578 -0.004880925882400285 0.0009080578814322578 -0.012041637123340807 0.0002451480832582536 -0.004880925882400285 0.0002451480832582536 -0.0006023113955708403
0.0028214983515079148 0.0001579231098143057 1.8363152303989035e-05 0.0001579231098143057 -0.015048603313119014 -0.00624438994097147 1.8363152303989035e-05 -0.00624438994097147 -0.0037488375428593613
7.712523967675394e-05 -0.00014506890320151335 0.0007813521305347333 -0.00014506890320151335 -0.015881372270104915 -0.012829416357181938 0.0007813521305347333 -0.012829416357181938 -0.010542285737720104
-0.0015057784889271008 -0.0006592371677132063 -0.0031722345605141055 -0.0006592371677132063 -0.012646702991757247 -0.008509484777668518 -0.0031722345605141055 -0.008509484777668518 -0.008569165022656483
-0.0007023905756275805 -0.0006720913743259987 -0.00383422620107291 -0.0006720913743259987 -0.008445213744604557 -0.002150325134797116 -0.00383422620107291 -0.002150325134797116 -0.0006307742816420234
-0.0040766198114855655 0.000380117252692573 -0.003544088394669884 0.000380117252692573 -0.007322306981215628 0.0012955203950464264 -0.003544088394669884 0.0012955203950464264 0.006093812092078761
-0.005544753838189489 0.0032759863710316436 -0.0036377404714202275 0.0032759863710316436 -0.009420297131946375 0.00261215841524244 -0.0036377404714202275 0.00261215841524244 0.005701758790388595
-0.004259333176910257 0.004254742388834259 -0.002567168692097667 0.004254742388834259 -0.011182241595514121 0.0003277822686262043 -0.002567168692097667 0.0003277822686262043 0.0005674214061932611
-0.002386291641903375 0.002613994730472839 -0.0021163533030347363 0.002613994730472839 -0.007796994468273743 -0.0010503723117881727 -0.0021163533030347363 -0.0010503723117881727 -0.0022917214075378316
-0.0016508473921286143 0.0016196300332118327 -0.0031153087883717396 0.0016196300332118327 -0.003234669278347668 -0.0012064591063720796 -0.0031153087883717396 -0.0012064591063720796 -0.0020759543679659603
-0.005452938076669543 0.0033393392464804057 -0.0041418090021647265 0.0033393392464804057 -0.0021494069771819165 -0.003927878277823254 -0.0041418090021647265 -0.003927878277823254 -0.004173944518696708
-0.006374768322329793 0.005672377746702212 -0.0018629418012396876 0.005672377746702212 -0.002856388340885494 -0.006474847502386533 -0.0018629418012396876 -0.006474847502386533 -0.0015149600650790954
0.0010705717793225607 0.006751212944561568 0.0028811785964958795 0.006751212944561568 -0.004099573751865552 -0.00843970479891336 0.0028811785964958795 -0.00843970479891336 0.005204117362950492
0.010831505386507932 0.005722876415538182 0.006559318002984882 0.005722876415538182 -0.007002788131126218 -0.00986376726008771 0.006559318002984882 -0.00986376726008771 0.006230617576743479
0.016786675678691576 0.00433829473181741 0.007509611134716316 0.00433829473181741 -0.009338581104193623 -0.009144849847386538 0.007509611134716316 -0.009144849847386538 0.004064683762487972
0.01873592429576001 0.0015498500544566746 0.004771665126191551 0.0015498500544566746 -0.005352858896612803 -0.0044851999502493215 0.004771665126191551 -0.0044851999502493215 0.004365839460273392
0.01537179479366922 0.0001579231098143057 0.0016214663484422317 0.0001579231098143057 -0.0016884918543517914 -0.0020190285958235944 0.0016214663484422317 -0.0020190285958235944 -0.00013313285420392051
0.008041224393916798 0.0003351275295477999 0.0020190285958235944 0.0003351275295477999 -0.00047376932944291703 -0.0013965177327183661 0.0020190285958235944 -0.0013965177327183661 -0.005631978811633437
0.0024046547942073644 0.0014029448360247622 0.005019567682295402 0.0014029448360247622 -0.0009199939304298507 0.00028462886071183003 0.005019567682295402 0.00028462886071183003 -0.006451893562006547
0.010241130039934685 0.0025598234311760715 0.005295014966855238 0.0025598234311760715 -0.00014506890320151335 0.0027122375952991803 0.005295014966855238 0.0027122375952991803 0.0008750042072850775
0.014444455602317774 0.0019125223124604577 0.005383158097914386 0.0019125223124604577 0.00012762390851272379 0.003812190418308124 0.005383158097914386 0.003812190418308124 0.006991770239743824
0.01060104782509287 0.0022448953691626594 0.005126992123273738 0.0022448953691626594 0.0011467788613841153 0.00222745037447387 0.005126992123273738 0.00222745037447387 0.0038222901520753175
0.009576383926530282 0.004376857351655787 0.004082128757176762 0.004376857351655787 0.0021833788089442962 0.0001955675720374832 0.004082128757176762 0.0001955675720374832 -0.0019125223124604577
0.007537155863172299 0.003988476680426418 0.005576889354721469 0.003988476680426418 -0.00026902018125343936 0.0005701758790388595 0.005576889354721469 0.0005701758790388595 -0.0031602985115165125
0.0031924340280484937 0.0012900114493552297 0.007671206874991419 0.0012900114493552297 -0.003396265018622772 0.0014258987764047483 0.007671206874991419 0.0014258987764047483 -0.0031042908969893465
-0.001776634985410939 -0.0012982748678920246 0.008587528174960472 -0.0012982748678920246 -0.004226279502763076 0.00043061592152854284 0.008587528174960472 0.00043061592152854284 -0.002593795262938451
-0.00765284372268743 -0.004496217841631715 0.007465539569186742 -0.004496217841631715 -0.0026084857847816422 0.0011816688507616945 0.007465539569186742 0.0011816688507616945 0.0016958371152733874
-0.01009789745196357 -0.005599843295101456 0.000998037327721804 -0.005599843295101456 -0.0016609471258958082 -0.0008997944628954626 0.000998037327721804 -0.0008997944628954626 0.003203451919430887
-0.006469338556695336 -0.004986514008148223 -0.008222101444111089 -0.004986514008148223 -0.003279659001492441 -0.0036900754554865965 -0.008222101444111089 -0.0036900754554865965 -0.004448473645641343
-0.01100320086055023 -0.005211462623872088 -0.012377682810503807 -0.005211462623872088 -0.009124650379852151 -0.0016095302994446389 -0.012377682810503807 -0.0016095302994446389 -0.017274217372362483
-0.013189334142340123 -0.0006730095319411981 -0.008185375139503112 -0.0006730095319411981 -0.010175940849255523 0.00013037838135832215 -0.008185375139503112 0.00013037838135832215 -0.020036035478882434
-0.006059840260316382 0.0031134724731413407 -0.0037167020263273805 0.0031134724731413407 -0.008897865448897887 0.00022311230049346675 -0.0037167020263273805 0.00022311230049346675 -0.01726136316574969
-0.0021393072434147224 0.0017564355178765513 -0.00247810740342332 0.0017564355178765513 -0.009207284565220101 0.0017123639523469773 -0.00247810740342332 0.0017123639523469773 -0.013427136964676782
-0.002603894996705645 -0.002916986743488658 0.0007106539941643756 -0.002916986743488658 -0.010613902031705662 0.003906760652673666 0.0007106539941643756 0.003906760652673666 -0.010122687707573954
-0.00360101416681225 -0.00591109872665407 0.003121735891678136 -0.00591109872665407 -0.010535858634413708 0.004344721835123805 0.003121735891678136 0.004344721835123805 -0.007922782061556069
-0.008299226683787844 -0.00425290607360386 0.002945449629559841 -0.00425290607360386 -0.01080028802759115 0.00232752955453061 0.002945449629559841 0.00232752955453061 -0.007662025298839424
-0.014851199425851131 0.00035716331231258673 0.0011229067633889294 0.00035716331231258673 -0.01591901673232809 -0.0010522086270185716 0.0011229067633889294 -0.0010522086270185716 -0.010586357303249678
-0.017542319396000726 0.0027700815250567457 -0.0011541241223057108 0.0027700815250567457 -0.013013047880221831 -0.0030629738043053707 -0.0011541241223057108 -0.0030629738043053707 -0.01867073510508085
-0.017374296552419226 0.004876335094324288 -0.0021705246023315037 0.004876335094324288 -0.007514201922792313 -0.002459744251119331 -0.0021705246023315037 -0.002459744251119331 -0.01918765784243814
-0.019090333135227 0.005487828066047123 -0.002175115390407501 0.005487828066047123 -0.008685771039786813 -0.0021411435586451213 -0.002175115390407501 -0.0021411435586451213 -0.021308601933548874
-0.01723290027967851 0.0016976734305037863 -0.0007951244947627252 0.0016976734305037863 -0.010532186003952912 -0.002140225401029922 -0.0007951244947627252 -0.002140225401029922 -0.022331429516881062
-0.01269352903013242 -0.00033604568716299934 3.672630460797807e-05 -0.00033604568716299934 -0.0100473987831276 -0.001235840150058462 3.672630460797807e-05 -0.001235840150058462 -0.016984997723574657
-0.01583730070457534 0.0010843441435505524 -0.0009080578814322578 0.0010843441435505524 -0.011882795855911303 0.002416590843204957 -0.0009080578814322578 0.002416590843204957 -0.017701160663430228
-0.020488687183175765 0.005717367469846985 -0.0013965177327183661 0.005717367469846985 -0.017218209757835317 0.004570588608462871 -0.0013965177327183661 0.004570588608462871 -0.021124052252893787
-0.022026601188634847 0.00601209606432601 2.754472845598355e-05 0.00601209606432601 -0.023552579145096335 0.003941650642051246 2.754472845598355e-05 0.003941650642051246 -0.020892676533863525
-0.019600828769277896 -0.0006794366352475943 -3.305367414718026e-05 -0.0006794366352475943 -0.02138021822753443 0.0037497557004745607 -3.305367414718026e-05 0.0037497557004745607 -0.017862756403705334
-0.01805006055720602 -0.004636695956757231 0.00025341150179504865 -0.004636695956757231 -0.01694735326135148 0.005950579504107646 0.00025341150179504865 0.005950579504107646 -0.01481998206693435
-0.01871939745868642 -0.001654520022589412 9.365207675034407e-05 -0.001654520022589412 -0.010947193246023062 0.00400224904465441 9.365207675034407e-05 0.00400224904465441 -0.01582720097080815
-0.02170800049616064 0.0018491694370116958 -0.004253824231219059 0.0018491694370116958 -0.011776289572548167 -0.0008391960602922989 -0.004253824231219059 -0.0008391960602922989 -0.01801884319828924
-0.02488666215998114 0.002250404314853856 -0.005165554743112115 0.002250404314853856 -0.019064624722001416 -0.002203578276478684 -0.005165554743112115 -0.002203578276478684 -0.01843844122843539
-0.0179141732301565 0.003065728277150969 -0.004240970024606268 0.003065728277150969 -0.021406844798375218 0.0018914046873108705 -0.004240970024606268 0.0018914046873108705 -0.01868818009976964
-0.018032615562517233 0.004300650269594232 -0.007102867311182958 0.004300650269594232 -0.024035530050691246 0.007007378919202215 -0.007102867311182958 0.007007378919202215 -0.025372367538421647
-0.03190230449772015 0.0016315660822094258 -0.008568246865041283 0.0016315660822094258 -0.031984020525472896 0.008012761507845615 -0.008568246865041283 0.008012761507845615 -0.03512503772707022
-0.03685760114695159 0.0014093719393311584 -0.0037075204501753863 0.0014093719393311584 -0.030439679416707423 0.006203991005902696 -0.0037075204501753863 0.006203991005902696 -0.03519022691774939
-0.024438601243763805 0.0035229707695202963 0.0026663297145392076 0.0035229707695202963 -0.02412918212744159 0.003676303091258605 0.0026663297145392076 0.003676303091258605 -0.02886687542187076
-0.012690774557286821 0.003223651386965275 0.002247649842008258 0.003223651386965275 -0.013992722055639643 0.0023293658697610088 0.002247649842008258 0.0023293658697610088 -0.019870767108146534
-0.00989682093423489 0.0032484416425756597 -0.0021980693307874877 0.0032484416425756597 -0.012492452512403739 0.003085927744685357 -0.0021980693307874877 0.003085927744685357 -0.017661679885976653
-0.013770527912761376 0.005103120025278553 -0.0052151352543328856 0.005103120025278553 -0.016759130950235592 0.00750226587379472 -0.0052151352543328856 0.00750226587379472 -0.019785378449932986
-0.01773513249519261 0.003972868000968027 -0.003141017201597324 0.003972868000968027 -0.01776359538126379 0.010222766887630696 -0.003141017201597324 0.010222766887630696 -0.016751785689313996
-0.02116445118796256 0.0023045756141506237 -0.0035661241774346706 0.0023045756141506237 -0.021077226214518612 0.006337123860106615 -0.0035661241774346706 0.006337123860106615 -0.02112956119858498
-0.02617391913649077 0.003020738554006196 -0.006771412412095956 0.003020738554006196 -0.026928644696184716 0.0020548367428163726 -0.006771412412095956 0.0020548367428163726 -0.032143779950517606
-0.024070420040068825 -1.1017891382393419e-05 -0.0038213719944601176 -1.1017891382393419e-05 -0.024203552894272746 2.4790255610385195e-05 -0.0038213719944601176 2.4790255610385195e-05 -0.028210392727003156
-0.0194227061919292 -0.0016425839735918191 -0.004569670450847671 -0.0016425839735918191 -0.023533297835177144 -0.0018656962740852857 -0.004569670450847671 -0.0018656962740852857 -0.02464885933764448
-0.017377969182880024 0.0004150072420701522 -0.005281242602627246 0.0004150072420701522 -0.02525943415175212 -0.0024808618762689185 -0.005281242602627246 -0.0024808618762689185 -0.026915790489571927
-0.020020426799424042 -0.00035991778515818507 -0.003820453836844919 -0.00035991778515818507 -0.019319872539026863 4.6826038375172033e-05 -0.003820453836844919 4.6826038375172033e-05 -0.02775039576178823
-0.01863492695808807 -0.0012468580414408555 -0.005165554743112115 -0.0012468580414408555 -0.014397629563942603 0.002737946008524765 -0.005165554743112115 0.002737946008524765 -0.025208935482916143
-0.01746519415632397 -0.001679310278199797 -0.0070496141695013895 -0.001679310278199797 -0.01974038872678821 0.0007446258259267553 -0.0070496141695013895 0.0007446258259267553 -0.022549951029298534
-0.02501520422610906 4.590788075997259e-06 -0.007980625991313633 4.590788075997259e-06 -0.020871558908713936 0.0010512904694033722 -0.007980625991313633 0.0010512904694033722 -0.027100340170227014
-0.029499486018743186 0.002856388340885494 -0.007172647289938117 0.002856388340885494 -0.016893181962054714 0.005094856606741758 -0.007172647289938117 0.005094856606741758 -0.027477702950073995
-0.027537383195061958 0.004228115817993475 -0.004455818906562939 0.004228115817993475 -0.014575752141291297 0.006457402507697743 -0.004455818906562939 0.006457402507697743 -0.025970088145916493
-0.023393737877666833 0.0036781394064890035 -0.0022044964340938835 0.0036781394064890035 -0.013845816837207732 0.003953586691048839 -0.0022044964340938835 0.003953586691048839 -0.020723735532666824
-0.020343618279974253 0.0017123639523469773 -0.0012872569765096313 0.0017123639523469773 -0.014712557625956014 0.003589078117814657 -0.0012872569765096313 0.003589078117814657 -0.01929232781057088
-0.02255454181737453 -0.0005857845584972502 -0.001772044197334942 -0.0005857845584972502 -0.015781293090048176 0.005951497661722847 -0.001772044197334942 0.005951497661722847 -0.026603616900404116
-0.02968679017224387 -0.002626848937085631 -0.0038103541030777245 -0.002626848937085631 -0.020091124935794402 0.007155202295249326 -0.0038103541030777245 0.007155202295249326 -0.03580080173185702
-0.03471278495784567 -0.0030253293420821935 -0.004032548245955992 -0.0030253293420821935 -0.023515852840488356 0.007000951815895819 -0.004032548245955992 0.007000951815895819 -0.03554371759960118
-0.03714957526858502 -0.0036579399389546153 -0.004402565764881371 -0.0036579399389546153 -0.02425680603595431 0.008318507993707033 -0.004402565764881371 0.008318507993707033 -0.029615173878258315
-0.03454200764141857 -0.004912143241317067 -0.003427482377539553 -0.004912143241317067 -0.023283558963842894 0.009515785523927118 -0.003427482377539553 0.009515785523927118 -0.024811373235534784
-0.02591224421615893 -0.005658605382474221 -0.0011945230573744867 -0.005658605382474221 -0.022779490433098397 0.008814313105914736 -0.0011945230573744867 0.008814313105914736 -0.01913899548883257
-0.020946847833160292 -0.0036212136343466376 0.0016435021312070186 -0.0036212136343466376 -0.02375732829328581 0.007318634350754829 0.0016435021312070186 0.007318634350754829 -0.016429512366378986
-0.023268868441999706 -0.0010127278495649951 0.00415282689354712 -0.0010127278495649951 -0.02212300773823079 0.00025708413225584645 0.00415282689354712 0.00025708413225584645 -0.02024721173037831
-0.02357920571593712 0.0034853263072971187 0.002351401652525796 0.0034853263072971187 -0.01982945001546256 -0.006285707033655447 0.002351401652525796 -0.006285707033655447 -0.029325036071855288
-0.019321708854257262 0.007016560495354211 -0.0026672478721544075 0.007016560495354211 -0.021374709281843235 -0.004358494199351797 -0.0026672478721544075 -0.004358494199351797 -0.032906768928748345
-0.01567386864906984 0.004724839087816378 -0.006278361772733851 0.004724839087816378 -0.022404882126097023 0.002943613314329442 -0.006278361772733851 0.002943613314329442 -0.027132475686759
-0.016101730097752783 -0.0013276559115784072 -0.00706705916419018 -0.0013276559115784072 -0.02014345991986077 0.005338168374769613 -0.00706705916419018 0.005338168374769613 -0.02317338005001896
-0.02186500544835974 -0.004025202985034396 -0.007488493509566728 -0.004025202985034396 -0.019323545169487658 0.006587780889056065 -0.007488493509566728 0.006587780889056065 -0.02372702909198423
-0.02608761232066202 -0.0019419033561468403 -0.007503184031409919 -0.0019419033561468403 -0.020709045010823632 0.0073535243401324085 -0.007503184031409919 0.0073535243401324085 -0.02618034623979717
-0.027216028029742146 0.0007400350378507581 -0.00607912157023557 0.0007400350378507581 -0.019580629301743507 0.0048836803552458835 -0.00607912157023557 0.0048836803552458835 -0.02692680838095432
-0.02439912046631023 0.0038718706632960877 -0.004731266191122775 0.0038718706632960877 -0.016526837073590133 0.0025423784364872817 -0.004731266191122775 0.0025423784364872817 -0.024515726483440557
-0.023685711999300255 0.005380403625068787 -0.004937851654542651 0.005380403625068787 -0.017381641813340818 -1.9281309919188485e-05 -0.004937851654542651 -1.9281309919188485e-05 -0.02330559474660768
-0.022935577227682302 0.003435745796076348 -0.005462119652821539 0.003435745796076348 -0.02364623122184668 -0.00246158056634973 -0.005462119652821539 -0.00246158056634973 -0.02925801056594573
-0.02546969224563279 0.0014947605975447074 -0.0029849304070134175 0.0014947605975447074 -0.026811120521439188 -0.0016168755603662344 -0.0029849304070134175 -0.0016168755603662344 -0.03288748761882916
-0.022802444373478382 -0.00021943967003266895 0.000648219276330813 -0.00021943967003266895 -0.025291569668284095 0.0029601401514030325 0.000648219276330813 0.0029601401514030325 -0.03340900114426245
-0.0209321573113171 -0.0009952828548762055 -0.002363337701523389 -0.0009952828548762055 -0.022932822754836706 0.0032576232187276543 -0.002363337701523389 0.0032576232187276543 -0.030987819512981497
-0.019102269184224592 -0.0022595858910058504 -0.004108755328017546 -0.0022595858910058504 -0.01763413515752067 0.003253950588266857 -0.004108755328017546 0.003253950588266857 -0.023903315354102526
-0.017997725573139653 -0.002686529182073596 -0.004306159215285429 -0.002686529182073596 -0.01746611231393917 0.002624094464240033 -0.004306159215285429 0.002624094464240033 -0.02526586125505851
-0.01759832701052789 -0.001719709213268573 -0.005101283710048154 -0.001719709213268573 -0.019111450760376587 -0.0005518127267348705 -0.005101283710048154 -0.0005518127267348705 -0.024088783192372815
