0.01870470693684323 -0.0019106859972300588 -0.0030051298745478053 -0.0019106859972300588 0.026797348157211198 -0.0026755112906912022 -0.0030051298745478053 -0.0026755112906912022 0.01984138606446015
0.014573915826060897 -4.4071565529573677e-05 -0.004410829183418166 -4.4071565529573677e-05 0.02207067275416442 0.0021292075096475283 -0.004410829183418166 0.0021292075096475283 0.020215076213846328
0.006405067523631375 0.004195980301461494 -0.004483363635018923 0.004195980301461494 0.01488792573045911 0.00532623232577202 -0.004483363635018923 0.00532623232577202 0.01702815113148903
-0.003335666616019608 0.006845783178927112 -0.0028674062322678875 0.006845783178927112 0.011129906611447754 0.004666995158058813 -0.0028674062322678875 0.004666995158058813 0.013814599478290949
-0.008570083180271682 0.004960805594922638 -0.0035303160304418916 0.004960805594922638 0.011277729987494864 0.0030749098533029637 -0.0035303160304418916 0.0030749098533029637 0.010948111403638262
-0.007723541859057788 0.0021567522381035122 -0.0063848680560969874 0.0021567522381035122 0.010836096174583929 0.0029280046348710517 -0.0063848680560969874 0.0029280046348710517 0.007641825831305037
-0.005908344253808472 -0.0007060632060883783 -0.006379359110405791 -0.0007060632060883783 0.01093525719702547 0.0017591899907221495 -0.006379359110405791 0.0017591899907221495 0.002991357510319814
-0.007930127322477665 -0.0027535546879831558 -0.0016958371152733874 -0.0027535546879831558 0.009574547611299881 -0.00025524781702544757 -0.0016958371152733874 -0.00025524781702544757 -0.0009273391913514462
-0.010485359965577739 -0.0003589996275429856 0.003805763315001727 -0.0003589996275429856 0.0037864820050825384 -0.0009916102244154079 0.003805763315001727 -0.0009916102244154079 -0.0004177617149157505
-0.007948490474781654 0.005109547128584948 0.004034384561186391 0.005109547128584948 0.0021145169878043373 -0.004034384561186391 0.004034384561186391 -0.004034384561186391 0.0009952828548762055
-0.0009870194363394106 0.0065997169380536585 0.0017674534092589447 0.0065997169380536585 0.005092102133896159 -0.007752004745128971 0.0017674534092589447 -0.007752004745128971 0.0015177145379246936
0.0037075204501753863 0.0046568954242916195 4.4071565529573677e-05 0.0046568954242916195 0.007676715820682615 -0.008845530464831518 4.4071565529573677e-05 -0.008845530464831518 0.003167643772438108
0.00398664036519602 0.0030886822175309556 -0.0014332440373263442 0.0030886822175309556 0.009266046652592867 -0.00838736981484699 -0.0014332440373263442 -0.00838736981484699 0.0073682148619756
0.001099952823008943 0.0017013460609645841 -0.001985974921676414 0.0017013460609645841 0.010577175727097684 -0.006641952188352834 -0.001985974921676414 -0.006641952188352834 0.01114918792136694
-0.005785311133371745 -0.00023229387664546128 -0.002782935731669538 -0.00023229387664546128 0.012919395803471484 -0.0029133141130278607 -0.002782935731669538 -0.0029133141130278607 0.011824951926153737
-0.010187876898253116 -0.0014672158690887237 -0.002469843984886525 -0.0014672158690887237 0.016886754858748316 -0.00038287172553817133 -0.002469843984886525 -0.00038287172553817133 0.012385028071425405
-0.010122687707573954 -0.0010127278495649951 -0.0013717274771079808 -0.0010127278495649951 0.01810515001411799 -0.002094317520269949 -0.0013717274771079808 -0.002094317520269949 0.010635019656855248
-0.0054024394078335735 -0.0003287004262414037 -0.001945575986607638 -0.0003287004262414037 0.015465446870419565 -0.004932342708851454 -0.001945575986607638 -0.004932342708851454 0.005461201495206338
0.0020282101719755886 -0.0014938424399295078 -0.0038406533043793063 -0.0014938424399295078 0.012825743726721142 -0.005192181313952899 -0.0038406533043793063 -0.005192181313952899 0.0010659809912465636
0.007472884830108338 -0.0024624987239649297 -0.00410232822471115 -0.0024624987239649297 0.008582019229269275 -0.0037268017600945746 -0.00410232822471115 -0.0037268017600945746 -0.000475605644673316
0.01100320086055023 0.0002111762514958739 0.0004003167202269609 0.0002111762514958739 0.0030519559129229775 -0.0032603776915732527 0.0004003167202269609 -0.0032603776915732527 0.0020373917481275833
0.014397629563942603 0.005477728332279929 0.005396930462142378 0.005477728332279929 0.0012027864759112817 -0.005150864221268924 0.005396930462142378 -0.005150864221268924 0.0019446578289924387
0.017570782282071908 0.006388540686557784 0.006621752720818445 0.006388540686557784 0.00867658946363482 -0.0071542841376341275 0.006621752720818445 -0.0071542841376341275 0.0030464469672317803
0.016704959650938826 0.0009374389251186402 0.0017435813112637588 0.0009374389251186402 0.016871146179289923 -0.007549091912169892 0.0017435813112637588 -0.007549091912169892 0.004916734029393064
0.009068642765324986 -0.0051141379166609454 -0.004330031313280615 -0.0051141379166609454 0.014741020512027197 -0.008160584883892727 -0.004330031313280615 -0.008160584883892727 0.0035055257748315065
0.0037800549017761426 -0.007240590953462876 -0.005653096436783024 -0.007240590953462876 0.010839768805044727 -0.0071956012303181025 -0.005653096436783024 -0.0071956012303181025 0.0075784729558562745
0.007606935841927457 -0.004741365924889968 -0.0027048923343775846 -0.004741365924889968 0.009325726897580832 -0.004027039300264795 -0.0027048923343775846 -0.004027039300264795 0.016814220407147557
0.016534182334511725 -0.0034752265735299246 -0.0002130125667262728 -0.0034752265735299246 0.0026764294483064017 -0.0027792631012087403 -0.0002130125667262728 -0.0027792631012087403 0.021175469079344957
0.018728579034838416 -0.002256831418160252 0.0003929714593053653 -0.002256831418160252 0.0005637487757324633 -0.001075162567398558 0.0003929714593053653 -0.001075162567398558 0.0179187640182325
0.01732747051404405 0.0007822702881499328 0.0017545992026461524 0.0007822702881499328 0.0014157990426375546 -0.00014690521843191228 0.0017545992026461524 -0.00014690521843191228 0.010546876525796101
0.0197605881943226 0.002748045742291959 0.002589204474862454 0.002748045742291959 0.004559570717080477 8.997944628954627e-05 0.002589204474862454 8.997944628954627e-05 0.0052582886622472595
0.017817766680560558 0.0027792631012087403 0.0016848192238909938 0.0027792631012087403 0.009456105278939152 -0.0012597122480536478 0.0016848192238909938 -0.0012597122480536478 0.00070330873324278
0.014708884995495216 0.0035394976065938866 -0.0021971511731722878 0.0035394976065938866 0.014024857572171624 -0.0008382779026770994 -0.0021971511731722878 -0.0008382779026770994 -0.004574261238923669
0.01153665043498111 0.00381769936399932 -0.004637614114372431 0.00381769936399932 0.015799656242352165 0.00033329121431740095 -0.004637614114372431 0.00033329121431740095 -0.005293178651624839
0.00967921757943262 0.002886687542187076 -0.002468007669656126 0.002886687542187076 0.013482226421588748 -7.161629398555724e-05 -0.002468007669656126 -7.161629398555724e-05 -0.0024790255610385196
0.012298721255596655 0.0013946814174879672 -0.001235840150058462 0.0013946814174879672 0.009703089677427806 -0.0006656642710196024 -0.001235840150058462 -0.0006656642710196024 0.0010356817899449815
0.01396425916956846 0.0004324522367589417 -0.0029812577765526197 0.0004324522367589417 0.00664746113404403 -0.00231100271745702 -0.0029812577765526197 -0.00231100271745702 0.007642743988920235
0.014399465879173 -0.000674845847171597 -0.005128828438504137 -0.000674845847171597 0.004235461078915071 -0.0046881127832084 -0.005128828438504137 -0.0046881127832084 0.011873614279759309
0.015938298042247282 -0.0030886822175309556 -0.006961471038442243 -0.0030886822175309556 0.0021172714606499357 -0.005109547128584948 -0.006961471038442243 -0.005109547128584948 0.013908251555041294
0.015262534037460487 -0.0017105276371165786 -0.007513283765177113 -0.0017105276371165786 0.0002451480832582536 -0.003809435945462525 -0.007513283765177113 -0.003809435945462525 0.01534057743475244
0.014557388988987308 0.0020686091070443646 -0.004729429875892375 0.0020686091070443646 -0.0008281781689099054 -0.0021292075096475283 -0.004729429875892375 -0.0021292075096475283 0.014277350916351475
0.01110236188299177 0.002699383388686388 0.0002681020236382399 0.002699383388686388 7.069813637035779e-05 -0.002131961982493127 0.0002681020236382399 -0.002131961982493127 0.01079845171236075
0.0034054465947747662 0.0019969928130588073 0.0006170019174140315 0.0019969928130588073 -0.003921451174516859 -0.0007189174127011707 0.0006170019174140315 -0.0007189174127011707 0.007600508738621062
-0.004588951760766859 0.004439292069489349 -0.005139846329886531 0.004439292069489349 -0.005497927799814317 -0.0005261043135092858 -0.005139846329886531 -0.0005261043135092858 0.007530728759865903
-0.01453718952145292 0.00721671885546769 -0.01234187466351103 0.00721671885546769 -0.002758145476059153 -0.0015351595326134832 -0.01234187466351103 -0.0015351595326134832 0.0010402725780209788
-0.01398445863710285 0.00612962023907154 -0.009433151338559166 0.00612962023907154 0.0006289379664116244 -0.0017812257734869364 -0.009433151338559166 -0.0017812257734869364 -0.002686529182073596
-0.004496217841631715 0.0006858637385539904 -0.003276904528646843 0.0006858637385539904 -0.0005628306181172639 -0.002985848564628617 -0.003276904528646843 -0.002985848564628617 0.00020291283295907883
0.0007271808312379657 -0.0010650628336313641 -0.0037350651786313693 -0.0010650628336313641 5.50894569119671e-05 -0.005845909535974909 -0.0037350651786313693 -0.005845909535974909 0.0019565938779900318
-0.000912648669508255 -0.0014561979777063304 -0.0031079635274501444 -0.0014561979777063304 0.004346558150354204 -0.007205700964085297 -0.0031079635274501444 -0.007205700964085297 0.001166978328918503
-0.005065475563055376 -0.0029041325368758656 -0.0015884126742950514 -0.0029041325368758656 0.005925789248497262 -0.006488619866614525 -0.0015884126742950514 -0.006488619866614525 -0.0023045756141506237
-0.005088429503435361 -0.002229286689704269 -0.004441128384719748 -0.002229286689704269 0.0058541729545117036 -0.0038259627825361154 -0.004441128384719748 -0.0038259627825361154 -0.0070459415390405926
-0.00010466996813273751 0.0004710148565973187 -0.0071423480886365345 0.0004710148565973187 0.002749882057522358 3.1217358916781356e-05 -0.0071423480886365345 3.1217358916781356e-05 -0.006302233870729036
0.008878584138978698 -0.0009319299794274434 -0.007319552508370029 -0.0009319299794274434 -0.0005316132592004825 0.000648219276330813 -0.007319552508370029 0.000648219276330813 -0.003208042707506884
0.01148615176614514 -0.004958969279692239 -0.005971697129257234 -0.004958969279692239 -0.0011183159753129321 -0.0008401142179074983 -0.005971697129257234 -0.0008401142179074983 -0.008587528174960472
0.010045562467897201 -0.004886434828091482 -0.0030574648586141743 -0.004886434828091482 0.0005481400962740726 -0.0002543296594102481 -0.0030574648586141743 -0.0002543296594102481 -0.008430523222761365
0.008068769122372782 -0.0031841706095116985 -0.002520342653722495 -0.0031841706095116985 -2.9381043686382456e-05 8.906128867434682e-05 -0.002520342653722495 8.906128867434682e-05 -0.0026397031436984236
0.0016884918543517914 -0.0018840594263892748 -0.002124616721571531 -0.0018840594263892748 -0.003920533016901659 -0.002123698563956332 -0.002124616721571531 -0.002123698563956332 0.00041041645399415497
0.0020373917481275833 0.0016637015987414063 0.001534241374998284 0.0016637015987414063 -0.005814692177058128 -0.0026801020787671995 0.001534241374998284 -0.0026801020787671995 0.004073865338639967
0.00480563695795393 0.007663861614069823 0.0022880487770770334 0.007663861614069823 -0.013164543886729739 0.00025708413225584645 0.0022880487770770334 0.00025708413225584645 0.004458573379408538
0.006275607299888252 0.005434574924365555 -8.997944628954627e-05 0.005434574924365555 -0.01280921688964755 0.0006638279557892036 -8.997944628954627e-05 0.0006638279557892036 0.0015948397776014477
0.012498879615710137 -0.0014690521843191227 -0.0013900906294119699 -0.0014690521843191227 -0.0034017739643139684 -0.0010136460071801946 -0.0013900906294119699 -0.0010136460071801946 -0.0028517975528094966
0.012334529402589433 -0.002265094836697047 0.0003213551653198081 -0.002265094836697047 0.006495046969920921 -0.00326496847964925 0.0003213551653198081 -0.00326496847964925 -0.008528766087587706
0.005261961292708057 -0.0021861332817898946 0.002677347605921601 -0.0021861332817898946 0.012519997240859724 -0.00495713296446184 0.002677347605921601 -0.00495713296446184 -0.005062721090209776
0.0009346844522730419 -0.002721419171451175 0.0013955995751031667 -0.002721419171451175 0.017052023229484216 -0.005440083870056751 0.0013955995751031667 -0.005440083870056751 0.002098908308345947
0.002487288979575315 -0.0005692577214236601 0.0024542353054281345 -0.0005692577214236601 0.019102269184224592 -0.002871997020343885 0.0024542353054281345 -0.002871997020343885 0.008301062999018243
0.003638658629035427 0.0006013932379556408 0.006231535734358679 0.0006013932379556408 0.016791266466767575 0.00040949829637895545 0.006231535734358679 0.00040949829637895545 0.01486772626292472
0.0007547255596939492 0.0031951885008940917 0.009620455492059855 0.0031951885008940917 0.012773408742654773 0.004679849364671605 0.009620455492059855 0.004679849364671605 0.014896189148995903
-0.003411873698081163 0.007380150910973193 0.011808425089080149 0.007380150910973193 0.007337915660674018 0.009603928654986264 0.011808425089080149 0.009603928654986264 0.008694952615938807
0.002936268053407847 0.008089886747522368 0.011238249210041289 0.008089886747522368 0.006288461506501045 0.009521294469618314 0.011238249210041289 0.009521294469618314 0.005347349950921607
0.014167172002527541 0.002625930779470432 0.006718159270414388 0.002625930779470432 0.009860094629626911 0.005415293614446366 0.006718159270414388 0.005415293614446366 0.00855539265842849
0.01672791359131881 -0.0030345109182341877 0.0010898530892417492 -0.0030345109182341877 0.014947605975447073 0.0012679756665904427 0.0010898530892417492 0.0012679756665904427 0.009517621839157516
0.01081773302227994 -0.0061975639025962995 -0.0013992722055639643 -0.0061975639025962995 0.01864227221900967 -0.0011027072958545415 -0.0013992722055639643 -0.0011027072958545415 0.005905589780962873
0.0033081218875636244 -0.005769702453913355 -0.0017353178927269636 -0.005769702453913355 0.020754952891583606 -0.000693208999475586 -0.0017353178927269636 -0.000693208999475586 0.007462785096341143
0.0009053034085866594 -0.0007143266246251735 -0.001994238340213209 -0.0007143266246251735 0.02251047025184496 -0.0010944438773177463 -0.001994238340213209 -0.0010944438773177463 0.012266585739064674
0.004022448512188798 0.004746874870581165 -0.003208042707506884 0.004746874870581165 0.01768555198397184 -0.0013965177327183661 -0.003208042707506884 -0.0013965177327183661 0.011528387016444316
0.00515820948219052 0.006816402135240729 -0.005412539141600768 0.006816402135240729 0.009671872318511025 0.001006300746258599 -0.005412539141600768 0.001006300746258599 0.00976368808003097
0.002113598830189138 0.005745830355918169 -0.004643123060063627 0.005745830355918169 0.002002501758750004 0.0026626570840784097 -0.004643123060063627 0.0026626570840784097 0.012464907783947755
0.0019419033561468403 0.003977458789044024 -0.0016352387126702236 0.003977458789044024 -0.0032245695445804745 0.0038186175216145197 -0.0016352387126702236 0.0038186175216145197 0.013058037603366603
0.001475479287625519 0.0035596970741282744 0.00012303312043672652 0.0035596970741282744 -0.008329525885089426 0.005304196543007232 0.00012303312043672652 0.005304196543007232 0.008678425778865217
0.00035349068185178893 0.004651386478600422 0.002067690949429165 0.004651386478600422 -0.008550801870352493 0.004253824231219059 0.002067690949429165 0.004253824231219059 0.004343803677508606
0.0001882223111158876 0.007410450112274775 0.005271142868860052 0.007410450112274775 -0.00224397721154746 0.002354156125371394 0.005271142868860052 0.002354156125371394 -0.001234003834828063
-0.0010916894044721481 0.009860094629626911 0.007067977321805379 0.009860094629626911 0.0019125223124604577 0.0014396711406327403 0.007067977321805379 0.0014396711406327403 -0.005123319492812941
0.0009640654959594242 0.010090552191041975 0.006886182113995887 0.010090552191041975 0.0009704925992658204 0.0005821119280364524 0.006886182113995887 0.0005821119280364524 -0.005918443987575666
0.007106539941643756 0.008932755438275465 0.005800001655214937 0.008932755438275465 -0.005931298194188458 0.0001689410011966991 0.005800001655214937 0.0001689410011966991 -0.007366378546745201
0.012025110286267219 0.0071386754581757375 0.00498926848099382 0.0071386754581757375 -0.01614396534805196 8.263418536795065e-05 0.00498926848099382 8.263418536795065e-05 0.0008593955278266868
0.009837140689246925 0.003597341536351452 0.003472472100684326 0.003597341536351452 -0.018363152303989036 -0.0019841386064460152 0.003472472100684326 -0.0019841386064460152 0.017048350599023418
0.00400224904465441 -0.00028462886071183003 -0.00017353178927269637 -0.00028462886071183003 -0.015350677168519634 -0.003946241430127243 -0.00017353178927269637 -0.003946241430127243 0.021697900762393443
0.005994651069637221 -0.003992149310887216 -0.0016894100119669911 -0.003992149310887216 -0.010897612734802293 -0.005002122687606613 -0.0016894100119669911 -0.005002122687606613 0.018644108534240065
0.012517242768014124 -0.005953333976953245 -0.0006335287544876216 -0.005953333976953245 -0.005796329024754138 -0.007481148248645132 -0.0006335287544876216 -0.007481148248645132 0.014264496709738683
0.012911132384934689 -0.004290550535827038 -0.0016389113431310213 -0.004290550535827038 -0.003891151973215276 -0.007957672050933647 -0.0016389113431310213 -0.007957672050933647 0.012201396548385514
0.005745830355918169 0.0005830300856516518 -0.004442046542334948 0.0005830300856516518 -0.007797912625888944 -0.003200697446585289 -0.004442046542334948 -0.003200697446585289 0.012244549956299889
0.001447016401554336 0.005823873753210121 -0.004600887809764452 0.005823873753210121 -0.013803581586908557 0.00219439670032669 -0.004600887809764452 0.00219439670032669 0.012440117528337371
0.002501979501418506 0.004780846702343545 -0.005098529237202555 0.004780846702343545 -0.012264749423834277 0.0055860709308734645 -0.005098529237202555 0.0055860709308734645 0.01240614569657499
0.0021842969665594957 0.002758145476059153 -0.006502392230842517 0.002758145476059153 -0.006136965499993136 0.00699911550066542 -0.006502392230842517 0.00699911550066542 0.011669783289185031
0.003273231898186045 -8.263418536795065e-05 -0.006035050004705995 -8.263418536795065e-05 -0.0023569105982169927 0.005836727959822915 -0.006035050004705995 0.005836727959822915 0.010622165450242457
0.005715531154616586 -0.003729556232940173 -0.0050241584703714 -0.003729556232940173 -0.001361627743340787 0.005570462251415074 -0.0050241584703714 0.005570462251415074 0.008503057674362121
0.004936015339312252 -0.0067264226889511836 -0.0039049243374432684 -0.0067264226889511836 0.00043704302483493903 0.006741113210794374 -0.0039049243374432684 0.006741113210794374 0.005491500696507921
0.003971949843352828 -0.008199147503731104 -0.0014112082545615573 -0.008199147503731104 -0.0020493277971251763 0.008610482115340459 -0.0014112082545615573 0.008610482115340459 0.0015333232173830843
0.009186166940070515 -0.007536237705557099 -0.0027278462747575708 -0.007536237705557099 -0.00838920613007739 0.0067144866399535905 -0.0027278462747575708 0.0067144866399535905 0.002034637275281985
0.013311449105161651 -0.005093938449126558 -0.004809309588414729 -0.005093938449126558 -0.01352905245996392 0.003099700108913349 -0.004809309588414729 0.003099700108913349 0.007620708206155449
0.00842409611945497 -0.002663575241693609 -0.005290424178779241 -0.002663575241693609 -0.021540895810194336 0.002433117680278547 -0.005290424178779241 0.002433117680278547 0.006666742443963218
