0.023183479783786157 -0.003085927744685357 0.006574008524828074 -0.003085927744685357 0.029534376008120762 0.0017142002675773762 0.006574008524828074 0.0017142002675773762 0.015381894527436414
0.025536717751542353 -0.001547095581611076 0.006585944573825667 -0.001547095581611076 0.024785664822309195 -0.0009144849847386538 0.006585944573825667 -0.0009144849847386538 0.01782878457194295
0.021038663594680235 -0.0020658546341987666 0.005465792283282336 -0.0020658546341987666 0.015006368062819839 -0.003341175561710805 0.005465792283282336 -0.003341175561710805 0.013550170085113507
0.015186326955398932 -0.0026516391926960166 0.0005251861558940863 -0.0026516391926960166 0.009323890582350431 -0.003476144731145124 0.0005251861558940863 -0.003476144731145124 0.0054933370117383196
0.009989554853370034 -0.001443343771093538 -0.0031226540492933354 -0.001443343771093538 0.005155455009344921 -1.652683707359013e-05 -0.0031226540492933354 -1.652683707359013e-05 -0.0031226540492933354
0.009221975087063293 -0.0003975622473813626 -0.0011495333342297135 -0.0003975622473813626 -0.001009973376719397 0.0024634168815801287 -0.0011495333342297135 0.0024634168815801287 -0.009983127750063638
0.011653256452111443 -0.001798670768175726 0.0008336871146011021 -0.001798670768175726 -0.0034311550080003512 -9.273391913514463e-05 0.0008336871146011021 -9.273391913514463e-05 -0.017124557681084975
0.00885930282905951 -0.006237962837665075 0.0021126806725739384 -0.006237962837665075 -0.00763631688561384 -0.006942189728523055 0.0021126806725739384 -0.006942189728523055 -0.026378668284680246
-0.0011357609700017217 -0.00663093429697044 0.004815736691721124 -0.00663093429697044 -0.018457722538354576 -0.011342919178174026 0.004815736691721124 -0.011342919178174026 -0.034688912859850485
-0.008866648089981105 -0.002270603782388244 0.004726675403046778 -0.002270603782388244 -0.027107685431148613 -0.010077697984429182 0.004726675403046778 -0.010077697984429182 -0.038685652958813696
-0.011215295269661302 -0.0005077411612052969 0.004888271143321881 -0.0005077411612052969 -0.027588800021513125 -0.004665158842828415 0.004888271143321881 -0.004665158842828415 -0.036241517387152755
-0.01349508062820154 -0.0012064591063720796 0.010590948091325676 -0.0012064591063720796 -0.022573823127293717 -0.0010944438773177463 0.010590948091325676 -0.0010944438773177463 -0.03090885795807434
-0.016203645593039922 0.00037185383415577793 0.014083619659544388 0.00037185383415577793 -0.020885331272941926 -0.0003314548990870021 0.014083619659544388 -0.0003314548990870021 -0.026335514876765876
-0.015119301449489371 0.0014800700757015162 0.006675924020115213 0.0014800700757015162 -0.0195925653507411 -0.00013864179989511721 0.006675924020115213 -0.00013864179989511721 -0.017959162953301275
-0.018909456085032708 0.001845496806550898 -0.001097198350163345 0.001845496806550898 -0.01870470693684323 -0.0002910559640182262 -0.001097198350163345 -0.0002910559640182262 -0.01388070682658531
-0.026011405238600467 0.0019382307256860425 -0.004609151228301247 0.0019382307256860425 -0.019415360931007607 0.0011486151766145142 -0.004609151228301247 0.0011486151766145142 -0.01733022498688965
-0.027324370628335686 0.002254076945314654 -0.004111509800863145 0.002254076945314654 -0.018365906776834633 0.0014451800863239368 -0.004111509800863145 0.0014451800863239368 -0.018187784199485937
-0.02597835156445329 0.004850626681098704 -9.732470721114188e-05 0.004850626681098704 -0.01693541721235389 0.00047927827513411376 -9.732470721114188e-05 0.00047927827513411376 -0.01347855379112795
-0.02225246796197391 0.007320470665985228 0.001292765922200828 0.007320470665985228 -0.01126946656895807 0.0008759223649002769 0.001292765922200828 0.0008759223649002769 -0.0063435509634130124
-0.00941295187102478 0.006979834190746231 -0.0008575592125962879 0.006979834190746231 -0.005235334721867274 0.002600222366244847 -0.0008575592125962879 0.002600222366244847 -0.003653349150878618
0.001282666188433634 0.006518000910300907 -0.004879089567169886 0.006518000910300907 -0.004452146276102141 0.0016940008000429884 -0.004879089567169886 0.0016940008000429884 -0.002733355220448768
0.0022026601188634845 0.005543835680574289 -0.006058003945085983 0.005543835680574289 -0.009003453574645824 -0.001008137061488998 -0.006058003945085983 -0.001008137061488998 0.0010512904694033722
0.003006048032163005 0.0024120000551289596 -0.0028710788627286854 0.0024120000551289596 -0.009455187121323955 -0.0009704925992658204 -0.0028710788627286854 -0.0009704925992658204 0.009786642020410956
0.009640654959594243 -0.0007942063371475257 -0.0007859429186107306 -0.0007942063371475257 -0.001120152290543331 0.0010411907356361783 -0.0007859429186107306 0.0010411907356361783 0.01780032168587177
0.012435526740261374 -0.001414880885022355 0.0012753209275120385 -0.001414880885022355 0.00664837929165923 0.0033182216213308185 0.0012753209275120385 0.0033182216213308185 0.01773329617996221
0.006172773646985914 -0.0007914518643019274 0.004094064806174355 -0.0007914518643019274 0.009337662946578425 0.005360204157534399 0.004094064806174355 0.005360204157534399 0.012556723545467703
0.003129081152599731 -0.0006059840260316382 0.004913061398932266 -0.0006059840260316382 0.011537568592596312 0.004519171782011701 0.004913061398932266 0.004519171782011701 0.010724999103144795
0.006499637757996919 -0.0017931618224845292 0.003762609907087353 -0.0017931618224845292 0.01167070144680023 0.002168688287101105 0.003762609907087353 0.002168688287101105 0.011723954588481798
0.009002535417030624 -0.0028068078296647238 0.0008336871146011021 -0.0028068078296647238 0.008767487067539563 0.000390216986459767 0.0008336871146011021 0.000390216986459767 0.012003074503502431
0.006096566564924359 -0.0021962330155570887 -0.0035615333893586733 -0.0021962330155570887 0.007999907301232822 -0.0003195188500894092 -0.0035615333893586733 -0.0003195188500894092 0.008650881050409235
0.0007381987226203591 0.0008290963265251049 -0.0057715387691437536 0.0008290963265251049 0.009078742499092178 0.0001882223111158876 -0.0057715387691437536 0.0001882223111158876 0.003464208682147531
-0.0032208969141196767 0.0010072189038737986 -0.005371222048916793 0.0010072189038737986 0.007516956395637911 0.0014084537817159587 -0.005371222048916793 0.0014084537817159587 -5.5089456911967096e-06
-0.005397848619757576 0.00011752417474552982 -0.0026562299807720135 0.00011752417474552982 0.008715152083473196 0.0023908824299793724 -0.0026562299807720135 0.0023908824299793724 0.002278867200925039
-0.00356704233504987 2.570841322558465e-05 0.002014437807747597 2.570841322558465e-05 0.005628306181172639 0.002540542121256883 0.002014437807747597 0.002540542121256883 0.006506064861303314
0.0028692425474982864 0.00035165436662139 0.0008548047397506895 0.00035165436662139 0.0023018211413050253 0.0005178408949724907 0.0008548047397506895 0.0005178408949724907 0.009491913425931931
0.007718951070981791 0.0017564355178765513 -0.00155719531537827 0.0017564355178765513 0.004543043880006887 -0.0018611054860092886 -0.00155719531537827 -0.0018611054860092886 0.011229985791504495
0.0029849304070134175 -8.35523429831501e-05 -0.0024019003213617655 -8.35523429831501e-05 -0.0035110347205227033 -0.002376191908136181 -0.0024019003213617655 -0.002376191908136181 0.007562864276397884
-0.0008896947291282687 -0.002540542121256883 -0.0024294450498177494 -0.002540542121256883 -0.007376478280512396 -0.0018335607575533052 -0.0024294450498177494 -0.0018335607575533052 0.007916354958249673
-0.0014745611300103192 -0.002772835997902344 0.00011201522905433311 -0.002772835997902344 -0.0025111610775705004 -0.00032594595339580535 0.00011201522905433311 -0.00032594595339580535 0.00845714979360215
-0.007713442125290594 -0.0024019003213617655 0.0024046547942073644 -0.0024019003213617655 -0.0010953620349329458 0.00022127598526306785 0.0024046547942073644 0.00022127598526306785 0.005629224338787838
-0.010685518325691219 -0.0021650156566403074 0.00023321203426066072 -0.0021650156566403074 0.00299778461362621 0.0021971511731722878 0.00023321203426066072 0.0021971511731722878 0.0042088345080742865
-0.010979328762555043 -0.0038819703970632818 -0.0014965969127751061 -0.0038819703970632818 0.0066235890360488445 0.0033577023987843946 -0.0014965969127751061 0.0033577023987843946 0.0018950773177716681
-0.011120725035295759 -0.002615831045703238 0.0020107651772867993 -0.002615831045703238 0.00371762018394258 0.001319392493041612 0.0020107651772867993 0.001319392493041612 -0.0013037838135832214
-0.013211369925104912 0.002106253569267542 0.005137091857040932 0.002106253569267542 0.002577268425864861 -0.0030960274784525513 0.005137091857040932 -0.0030960274784525513 -0.006105748141076354
-0.01765158015220946 0.005013140578989006 0.002565332376867268 0.005013140578989006 -0.002148488819566717 -0.005168309215957714 0.002565332376867268 -0.005168309215957714 -0.009187085097685713
-0.022457217110163387 0.006006587118634813 -8.814313105914735e-05 0.006006587118634813 -0.009367043990264806 -0.004787273805649941 -8.814313105914735e-05 -0.004787273805649941 -0.00825515511825827
-0.014495872428768944 0.0007271808312379657 -0.0009475386588858341 0.0007271808312379657 -0.008362579559236607 -0.003661612569415413 -0.0009475386588858341 -0.003661612569415413 -0.0036698759879522083
-0.0037249654448641757 -0.005665032485780617 -0.0024652531968105277 -0.005665032485780617 -0.011914931372443285 -0.00460456044022525 -0.0024652531968105277 -0.00460456044022525 -0.0035192981390594984
-0.0007987971252235229 -0.005755930089685363 -0.0008676589463634818 -0.005755930089685363 -0.01616324665797115 -0.004663322527598015 -0.0008676589463634818 -0.004663322527598015 -0.007109294414489354
-0.0036965025587929923 -0.002416590843204957 -0.0011183159753129321 -0.002416590843204957 -0.011744154056016186 -0.002928922792486251 -0.0011183159753129321 -0.002928922792486251 -0.008850121252907515
-0.004128036637936735 -0.0007152447822403728 -0.00482308195264272 -0.0007152447822403728 -0.009025489357410611 0.000170777316427098 -0.00482308195264272 0.000170777316427098 -0.013315121735622448
-0.003514707350983501 0.0018069341867125212 -0.00634814175148901 0.0018069341867125212 -0.012687101926826025 0.0018776323230828785 -0.00634814175148901 0.0018776323230828785 -0.015046766997888615
-0.004038057191647189 0.002760899948904751 -0.005969860814026835 0.002760899948904751 -0.01220874180930711 0.0012119680520632763 -0.005969860814026835 0.0012119680520632763 -0.015801492557582564
-0.004912143241317067 -0.00025800228987104596 -0.004559570717080477 -0.00025800228987104596 -0.011783634833469763 -0.0015636224186846663 -0.004559570717080477 -0.0015636224186846663 -0.014304895644807457
-0.008988763052802632 -0.0004150072420701522 -0.0033531116107083977 -0.0004150072420701522 -0.01418461699721633 -0.0024689258272713255 -0.0033531116107083977 -0.0024689258272713255 -0.01145585256484356
-0.010999528230089432 0.002036473590512384 -0.0012376764652888609 0.002036473590512384 -0.013916514973578088 -0.00016618652835110077 -0.0012376764652888609 -0.00016618652835110077 -0.0065822719433648695
-0.01204071896572561 0.004951624018770643 0.0010623083607857655 0.004951624018770643 -0.013038756293447414 2.3872097995185745e-05 0.0010623083607857655 2.3872097995185745e-05 -0.003915942228825661
-0.012450217262104563 0.00740035037850758 0.0021622611837947086 0.00740035037850758 -0.011094098464454975 -0.002108089884497941 0.0021622611837947086 -0.002108089884497941 -0.00515820948219052
-0.010158495854566733 0.005398766777372776 0.0022660129943122467 0.005398766777372776 -0.00969298994366061 -0.0033007766266420287 0.0022660129943122467 -0.0033007766266420287 -0.0031391808863669257
-0.006409658311707372 0.002019946753438794 0.00257910474109526 0.002019946753438794 -0.012811053204877949 -0.00706522284895978 0.00257910474109526 -0.00706522284895978 -0.0007740068696131378
-0.005713694839386188 -0.001845496806550898 0.0019767933455244195 -0.001845496806550898 -0.018061078448588414 -0.0073810690685883916 0.0019767933455244195 -0.0073810690685883916 -0.004949787703540244
-0.004160172154468716 -0.005003040845221812 -0.0007859429186107306 -0.005003040845221812 -0.017137411887697768 -0.0008391960602922989 -0.0007859429186107306 -0.0008391960602922989 -0.010810387761358344
-0.0033182216213308185 -0.007306698301757236 -0.0009043852509714599 -0.007306698301757236 -0.007740986853746577 0.002918823058719057 -0.0009043852509714599 0.002918823058719057 -0.010229193990937092
-0.006402313050785776 -0.007345260921595614 -0.0002451480832582536 -0.007345260921595614 -0.0018757960078524798 0.0016673742292022042 -0.0002451480832582536 0.0016673742292022042 -0.007538074020787499
-0.015165209330249342 -0.00708266784364857 -0.003426564219924354 -0.00708266784364857 -0.006382113583251389 0.0005591579876564661 -0.003426564219924354 0.0005591579876564661 -0.006416085415013768
-0.02441381098815342 -0.0074738029877235365 -0.005275733656936049 -0.0074738029877235365 -0.019109614445146188 0.0006326105968724222 -0.005275733656936049 0.0006326105968724222 -0.006978916033131033
-0.026150965196110782 -0.005965270025950837 -0.0028178257210471173 -0.005965270025950837 -0.022884160401231136 -0.002131961982493127 -0.0028178257210471173 -0.002131961982493127 -0.0074738029877235365
-0.022968630901829483 -0.0040766198114855655 -0.003660694411800214 -0.0040766198114855655 -0.020478587449408572 -0.006553809057293686 -0.003660694411800214 -0.006553809057293686 -0.01614121087520636
-0.015914425944252096 -0.0033228124094068154 -0.0017757168277957396 -0.0033228124094068154 -0.02011132440332879 -0.007024823913891005 -0.0017757168277957396 -0.007024823913891005 -0.019452087235615582
-0.012549378284546105 -0.005498845957429516 0.003325566882252414 -0.005498845957429516 -0.01717964713799694 -0.0011550422799209102 0.003325566882252414 -0.0011550422799209102 -0.015599497882238685
-0.012958876580925061 -0.007945736001936054 0.006456484350082545 -0.007945736001936054 -0.015750075731131394 0.0015902489895254503 0.006456484350082545 0.0015902489895254503 -0.02046481508518058
-0.009648000220515839 -0.005491500696507921 0.004341967362278207 -0.005491500696507921 -0.016773821472078784 0.0009236665608906485 0.004341967362278207 0.0009236665608906485 -0.02298791221174867
-0.005779802187680549 -0.00326496847964925 0.00016985915881189857 -0.00326496847964925 -0.019296918598646875 0.0025111610775705004 0.00016985915881189857 0.0025111610775705004 -0.016858291972677134
-0.010076779826813983 -0.0015718858372214613 -0.0030547103857685755 -0.0015718858372214613 -0.01764698936413346 -0.0011835051659920932 -0.0030547103857685755 -0.0011835051659920932 -0.009738897824420585
-0.011202441063048511 -0.0022494861572386568 -0.0025129973928008993 -0.0022494861572386568 -0.009834386216401326 -0.004597215179303654 -0.0025129973928008993 -0.004597215179303654 -0.003756182803780957
-0.010287037920694657 -0.005074657139207369 -0.0007767613424587361 -0.005074657139207369 -0.005889981101504483 -0.006351814381949807 -0.0007767613424587361 -0.006351814381949807 1.5608679458390678e-05
-0.012968058157077056 -0.004790946436110739 -0.0004425519705261357 -0.004790946436110739 -0.007070731794650977 -0.007816275778192933 -0.0004425519705261357 -0.007816275778192933 -0.0038424896196097053
-0.013043347081523412 -0.005496091484583918 0.0014378348254023413 -0.005496091484583918 -0.007192846757472504 -0.0033274031974828127 0.0014378348254023413 -0.0033274031974828127 -0.013005702619300234
-0.01465104106573765 -0.008100904638904763 0.005269306553629653 -0.008100904638904763 -0.00993079276599727 0.0015048603313119013 0.005269306553629653 0.0015048603313119013 -0.02563587877398389
-0.020376671954121434 -0.0073296522421372225 0.007699669761062602 -0.0073296522421372225 -0.010964638240711852 0.000750134771617952 0.007699669761062602 0.000750134771617952 -0.03260194060050213
-0.019265701239730093 -0.005590661718949462 0.0068760823802286935 -0.005590661718949462 -0.01160367594089067 -0.004047238767799183 0.0068760823802286935 -0.004047238767799183 -0.02637591381183465
-0.017973853475144467 -0.004048156925414382 0.005648505648707026 -0.004048156925414382 -0.017738805125653408 -0.006745703998870371 0.005648505648707026 -0.006745703998870371 -0.01952737616006194
-0.016801366200534767 -0.0005738485094996574 0.006633688769816038 -0.0005738485094996574 -0.020208649110539934 -0.00830473562947904 0.006633688769816038 -0.00830473562947904 -0.01580424703042816
-0.012784426634037166 -0.0003204370077046086 0.005432738609135156 -0.0003204370077046086 -0.015052275943579812 -0.004521926254857299 0.005432738609135156 -0.004521926254857299 -0.011799243512928154
-0.011891977432063298 0.0007244263583923675 0.002962894624248631 0.0007244263583923675 -0.010875576952037506 0.002506570289494503 0.002962894624248631 0.002506570289494503 -0.009474468431243143
-0.011273139199418867 0.004531107831009294 0.000835523429831501 0.004531107831009294 -0.011790980094391359 0.004483363635018923 0.000835523429831501 0.004483363635018923 -0.011849742181764123
-0.010960047452635855 0.005364794945610396 0.0018950773177716681 0.005364794945610396 -0.013939468913958076 0.000323191480550207 0.0018950773177716681 0.000323191480550207 -0.014068929137701199
-0.017257690535288896 0.0019079315243844606 0.0032750682134164446 0.0019079315243844606 -0.015833628074114543 -0.007883301284102492 0.0032750682134164446 -0.007883301284102492 -0.01197002082935525
-0.02431740443855748 -0.001443343771093538 -0.0007528892444635504 -0.001443343771093538 -0.016098057467291985 -0.014888843888074309 -0.0007528892444635504 -0.014888843888074309 -0.009530476045770309
-0.017456930737787174 -0.002349565337295397 -0.0055502627838806854 -0.002349565337295397 -0.009557102616611093 -0.013209533609874511 -0.0055502627838806854 -0.013209533609874511 -0.004398893134420573
-0.012988257624611442 -0.0035349068185178893 -0.006695205330034402 -0.0035349068185178893 -0.00745084904734355 -0.009940892499764464 -0.006695205330034402 -0.009940892499764464 -0.004869907991017892
-0.014412320085785794 -0.008831758100603526 -0.00430432290005503 -0.008831758100603526 -0.010438533927202566 -0.005974451602102832 -0.00430432290005503 -0.005974451602102832 -0.010424761562974574
-0.01951176748060355 -0.015118383291874173 0.001312965389735216 -0.015118383291874173 -0.012651293779833244 -0.0012239041010608691 0.001312965389735216 -0.0012239041010608691 -0.015952070406475272
-0.021931112796654103 -0.0164083947412294 0.006674087704884814 -0.0164083947412294 -0.013805417902138954 0.0011210704481585305 0.006674087704884814 0.0011210704481585305 -0.020172840963547153
-0.02323030582216133 -0.013518952726196727 0.007399432220892381 -0.013518952726196727 -0.017270544741901685 2.754472845598355e-05 0.007399432220892381 2.754472845598355e-05 -0.022079854330316416
-0.025264943097443312 -0.010353145268989018 0.010196140316789911 -0.010353145268989018 -0.020781579462424392 -0.0007565618749243482 0.010196140316789911 -0.0007565618749243482 -0.02419804394858155
-0.017776449587876584 -0.003837898831533708 0.010058416674509994 -0.003837898831533708 -0.018140040003495568 -0.0017206273708837724 0.010058416674509994 -0.0017206273708837724 -0.02533472307619847
-0.01093801166987107 -0.0014176353578679536 0.004824000110257919 -0.0014176353578679536 -0.014752956561024792 -0.004367675775503792 0.004824000110257919 -0.004367675775503792 -0.02307238271234702
-0.010145641647953941 -0.0026130765728576396 0.002199905646017886 -0.0026130765728576396 -0.018174011835257946 -0.005936807139879654 0.002199905646017886 -0.005936807139879654 -0.020339027491898254
-0.010272347398851467 -0.003211715337967682 0.0011522878070753118 -0.003211715337967682 -0.021724527333234225 -0.006132374711917138 0.0011522878070753118 -0.006132374711917138 -0.019229893092737316
-0.01145585256484356 4.1317092683975326e-05 -0.00047376932944291703 4.1317092683975326e-05 -0.024254051563108715 -0.0039131877559800635 -0.00047376932944291703 -0.0039131877559800635 -0.014841099692083937
