0.023448827334578794 -0.004281368959675043 -0.004459491537023737 -0.004281368959675043 0.00877391417084596 0.004803800642723531 -0.004459491537023737 0.004803800642723531 0.014209407252826713
-0.013778791331298171 -0.014696030788882425 -0.0037515920157049597 -0.014696030788882425 -0.019678872166569848 -0.004307077372900628 -0.0037515920157049597 -0.004307077372900628 -0.02369305726022185
-0.023037492722969444 0.005298687597316036 0.010957292979790256 0.005298687597316036 -0.0044989723144773135 0.01435172168318263 0.010957292979790256 0.01435172168318263 -0.006543709323526492
-0.005663196170550219 -0.021458261624826388 -0.002593795262938451 -0.021458261624826388 -0.015573789469013099 0.02660912584609531 -0.002593795262938451 0.02660912584609531 -0.02966199991663349
-0.034372148482606675 0.012712810340051608 0.005217889727178484 0.012712810340051608 -0.02188612307350933 -0.01512021960710457 0.005217889727178484 -0.01512021960710457 -0.03290125998305715
-0.03166541983299869 0.027056268604697443 -0.009720534672116594 0.027056268604697443 -0.03493038831264794 -0.005011304263758607 -0.009720534672116594 -0.005011304263758607 -0.007336997503058818
-0.03168194667007228 0.023804154331660984 0.02389046114748973 0.023804154331660984 -0.03384420785386699 -0.03509749299861424 0.02389046114748973 -0.03509749299861424 -0.035645633094888315
-0.02776141365317062 -0.002717746540990377 0.014843854164929535 -0.002717746540990377 -0.04610253017439487 0.0095451665676135 0.014843854164929535 0.0095451665676135 -0.054532135239541035
-0.12499338694517736 0.05525105265224221 0.043069855571391084 0.05525105265224221 -0.10388127074128116 -0.030803269832326403 0.043069855571391084 -0.030803269832326403 -0.10524932558792835
-0.05231753907167996 0.011600921468045073 0.03644351206249664 0.011600921468045073 -0.0020585093732771705 0.004912143241317067 0.03644351206249664 0.004912143241317067 -0.01913715917360217
0.02853450236516856 -0.0037837275322369405 -0.0070477778542709915 -0.0037837275322369405 -0.00023045756141506238 0.02100377360530266 -0.0070477778542709915 0.02100377360530266 -0.010468833128504149
0.01836774309206503 -0.004636695956757231 -0.004265760280216652 -0.004636695956757231 0.015194590373935725 -0.009635146013903046 -0.004265760280216652 -0.009635146013903046 0.01902238947170224
-0.09058818478842351 -0.000628019808796425 0.00905762487394259 -0.000628019808796425 -0.09352720731467694 -0.02315134426725417 0.00905762487394259 -0.02315134426725417 -0.09266230284115906
0.0038636072447592925 0.010767234353443969 -0.006975243402670235 0.010767234353443969 -0.03815220338438282 0.051995265748744954 -0.006975243402670235 0.051995265748744954 -0.04694631702276316
-0.001366218531416784 0.034889071219963964 -0.0021989874884026867 0.034889071219963964 -0.009095269336165768 -0.0052463526132496665 -0.0021989874884026867 -0.0052463526132496665 0.004997531899530615
-0.00530786917346803 -0.0011541241223057108 0.004458573379408538 -0.0011541241223057108 -0.018500875946268952 -0.013546497454652709 0.004458573379408538 -0.013546497454652709 -0.001768371566874144
-0.09620914570867453 -0.006526264328837703 0.03676119459735565 -0.006526264328837703 -0.08008905245861778 -0.04055502186335978 0.03676119459735565 -0.04055502186335978 -0.10194304001559512
0.001229413046752066 0.01031641896438104 0.0004930506393621056 0.01031641896438104 -0.006165428386064319 0.03305826493525626 0.0004930506393621056 0.03305826493525626 -0.021026727545682643
-0.0629498042556896 0.005920280302806065 -0.015743648627825 0.005920280302806065 -0.065317732745289 0.017239327382984906 -0.015743648627825 0.017239327382984906 -0.06488344419329965
0.01108491688830298 0.011687228283873821 0.01481906390931915 0.011687228283873821 0.01642859420876379 0.004597215179303654 0.01481906390931915 0.004597215179303654 0.005304196543007232
-0.055093129542427906 0.0027737541555175435 -0.02034270012235905 0.0027737541555175435 -0.03889407473746397 0.00020658546341987663 -0.02034270012235905 0.00020658546341987663 -0.06148809733229208
-0.05730772571028898 0.05338260190531132 -0.01968897190033704 0.05338260190531132 -0.0636209774724004 0.030653610141048896 -0.01968897190033704 0.030653610141048896 -0.0373451428406225
-0.03182242478519779 0.017153020567156157 -0.0017243000013445703 0.017153020567156157 -0.04032456430194472 0.003329239512713212 -0.0017243000013445703 0.003329239512713212 -0.01550584580548834
-0.007392086959970786 -0.005339086532384811 0.029829104602599785 -0.005339086532384811 0.01902422578693264 0.0008208329079883099 0.029829104602599785 0.0008208329079883099 -0.023514016525257957
-0.07060632060883784 0.026336433034381074 -0.0022182687983218754 0.026336433034381074 -0.08100353744335642 -0.01664711572118126 -0.0022182687983218754 -0.01664711572118126 -0.06496607837866761
-0.08146720703903215 0.035057094063545464 0.025726776377888633 0.035057094063545464 -0.05493153380215279 -0.018331016787457053 0.025726776377888633 -0.018331016787457053 -0.0495658206989272
0.03474400231676245 0.005165554743112115 -0.00879227732314995 0.005165554743112115 0.012991012097457042 0.02933605396323768 -0.00879227732314995 0.02933605396323768 0.02465528644095088
-0.005938643455110053 -0.013827453684903743 -0.008212001710343897 -0.013827453684903743 -0.015070639095883801 -0.012286785206599062 -0.008212001710343897 -0.012286785206599062 -0.004397056819190174
0.0011899322692984894 0.001776634985410939 -0.0008290963265251049 0.001776634985410939 0.006964225511287841 0.0004278614486829445 -0.0008290963265251049 0.0004278614486829445 0.01443619218378098
-0.008844612307216318 -0.0029766669884766224 -0.007024823913891005 -0.0029766669884766224 -0.0007776795000739356 0.002538705806026484 -0.007024823913891005 0.002538705806026484 -0.005708185893694991
-0.011049108741310203 -0.003988476680426418 -0.0083726792930038 -0.003988476680426418 -0.01295979473854026 0.001349691694343194 -0.0083726792930038 0.001349691694343194 0.0030198203963909963
-0.03818984784660599 -0.0018712052197764827 0.016021850385230435 -0.0018712052197764827 -0.029745552259616635 -0.012616403790455666 0.016021850385230435 -0.012616403790455666 -0.040066562012073675
0.0011229067633889294 0.01495586939398387 0.005895490047195679 0.01495586939398387 0.009552511828535096 0.0013570369552647896 0.005895490047195679 0.0013570369552647896 0.0051205650199673425
-0.03344113666079443 0.0007896155490715285 -0.006073612624544373 0.0007896155490715285 -0.013343584621693631 0.006445466458700151 -0.006073612624544373 0.006445466458700151 -0.0316470566806947
0.021038663594680235 0.02338271998628444 -0.0175827183310695 0.02338271998628444 -0.008005416246924019 0.032432081441690234 -0.0175827183310695 0.032432081441690234 -0.01603929537991922
-0.023306512904222886 -0.016099893782522388 -0.004846035893022706 -0.016099893782522388 -0.02592326210754132 -0.019177558108670948 -0.004846035893022706 -0.019177558108670948 -0.021310438248779276
-0.016439612100146182 -0.017439485743098386 0.008402060336690182 -0.017439485743098386 -0.02818376615616237 0.016585599160962895 0.008402060336690182 0.016585599160962895 -0.03392684203923494
-0.015201935634857323 0.03040754390017544 0.0021705246023315037 0.03040754390017544 -0.0308096969356328 -0.007814439462962534 0.0021705246023315037 -0.007814439462962534 -0.002735191535679167
-0.06642411267160434 -0.013507934834814331 0.02611332073388761 -0.013507934834814331 -0.058491230876281074 -0.005474055701819131 0.02611332073388761 -0.005474055701819131 -0.05946906873646848
0.014276432758736274 -0.005786229290986945 0.010739689624987987 -0.005786229290986945 0.005565871463339076 0.019048097884927825 0.010739689624987987 0.019048097884927825 -0.008197311188500705
-0.057921973154857406 0.027384969030938847 -0.009100778281856965 0.027384969030938847 -0.05033340046523394 -0.0034449273722283427 -0.009100778281856965 -0.0034449273722283427 -0.06291675058154243
0.0011743235898400988 0.009153113265923335 -0.006903627108684677 0.009153113265923335 -0.026820302097591182 0.013100272853665778 -0.006903627108684677 0.013100272853665778 -0.023449745492193995
0.02535492254373286 0.009267882967823266 0.003027165657312592 0.009267882967823266 0.030915285061380738 -0.00438603892780778 0.003027165657312592 -0.00438603892780778 0.028619891023382107
0.010088715875811576 -0.010887513001035099 -0.019238156511274113 -0.010887513001035099 0.005081084242513766 -0.007931045480092864 -0.019238156511274113 -0.007931045480092864 0.00880788600260834
-0.003976540631428825 -0.00979582359656295 0.00035073620900619054 -0.00979582359656295 0.005634733284479035 -0.01167253776203063 0.00035073620900619054 -0.01167253776203063 -0.0031648892995925102
0.001634320555055024 -0.004350230780815002 -0.012451135419719766 -0.004350230780815002 -0.0048579719420202986 -0.003964604582431233 -0.012451135419719766 -0.003964604582431233 -0.013731965292922999
-0.03087672244154236 -0.007695078972986605 -0.0118901411168329 -0.007695078972986605 -0.03334381195358329 -0.010066680093046789 -0.0118901411168329 -0.010066680093046789 -0.04134463741243131
-0.01728248079089928 0.005764193508222158 -0.011172141861746929 0.005764193508222158 -0.022299294000349086 -0.0031189814188325375 -0.011172141861746929 -0.0031189814188325375 -0.017151184251925758
-0.05074289876161289 0.022560968920680928 -0.020823814712723567 0.022560968920680928 -0.033532952422314376 -0.00813854910112794 -0.020823814712723567 -0.00813854910112794 -0.042845825113282415
-0.04340681941616928 0.005703595105618993 -0.006200318375441897 0.005703595105618993 -0.061423826299228115 0.02911845060843541 -0.006200318375441897 0.02911845060843541 -0.037201910252651384
0.01242450884887898 -0.008119267791208752 0.019048097884927825 -0.008119267791208752 0.015228562205698105 0.021023054915221846 0.019048097884927825 0.021023054915221846 0.007422386161272368
-0.043763982728481865 -0.00127256645466644 -0.004079374284331164 -0.00127256645466644 -0.036642752264994916 -0.028551947359857346 -0.004079374284331164 -0.028551947359857346 -0.039319181713301316
-0.001979547818370018 0.0019272128343036491 -0.008868484405211503 0.0019272128343036491 -0.04010237015906645 0.036791493798657225 -0.008868484405211503 0.036791493798657225 -0.022485679996234572
-0.02501795869895466 -0.01498892306813105 0.04227014028855235 -0.01498892306813105 -0.013104863641741776 0.007081749686033371 0.04227014028855235 0.007081749686033371 -0.03323638751260495
-0.005028749258447397 -0.009047525140175398 -0.01127130288418847 -0.009047525140175398 -0.013827453684903743 -0.02049511428648216 -0.01127130288418847 -0.02049511428648216 0.00499110479622422
-0.01530476928775966 -0.010287956078309856 0.011527468858829115 -0.010287956078309856 0.0031648892995925102 0.011342919178174026 0.011527468858829115 0.011342919178174026 -0.011392499689394795
-0.06625792614325322 -0.006147983391375528 0.0023045756141506237 -0.006147983391375528 -0.061679992273868764 -0.0016141210875206362 0.0023045756141506237 -0.0016141210875206362 -0.044021066860737715
-0.03254042404028377 -0.01687481880975072 0.045805965264685444 -0.01687481880975072 -0.030226666849981147 0.021222295117720127 0.045805965264685444 0.021222295117720127 -0.0698359863696855
-0.0010053825886433996 0.02048409639509977 0.00423637923653027 0.02048409639509977 -0.019199593891435735 0.005050785041212183 0.00423637923653027 0.005050785041212183 0.009194430358607309
-0.08411333728603697 -0.032123580482983215 0.030738080641647247 -0.032123580482983215 -0.05627388023557439 0.0015057784889271008 0.030738080641647247 0.0015057784889271008 -0.08667775150528904
0.00039939856261176146 0.022813462264860775 -0.003879215924217683 0.022813462264860775 -0.04105174513318269 0.04519355413534741 -0.003879215924217683 0.04519355413534741 -0.03843683224509465
0.011227231318658895 0.017575373070147907 -0.015818019394656154 0.017575373070147907 0.01513858275940856 -0.003606523112503446 -0.015818019394656154 -0.003606523112503446 0.023116454277876595
-0.06795651773137222 -0.036419639964501455 -0.027051677816621444 -0.036419639964501455 -0.055618315698321985 -0.03601656877142889 -0.027051677816621444 -0.03601656877142889 -0.06628179824124843
-0.037869410838901385 0.03353478873754478 -0.010870068006346309 0.03353478873754478 -0.049037880070187514 0.02165015656640307 -0.010870068006346309 0.02165015656640307 -0.043441709405546855
0.01329492226808806 0.013994558370870044 0.0040389753492623874 0.013994558370870044 0.01232075703836144 0.0007326897769291624 0.0040389753492623874 0.0007326897769291624 0.017153020567156157
-0.004157417681623117 -0.01165233829449624 -0.017510183879468743 -0.01165233829449624 0.006111257086767551 -0.010390789731212196 -0.017510183879468743 -0.010390789731212196 -0.00022494861572386565
-0.10161709406219932 -0.02708014070269263 -0.020070925468260014 -0.02708014070269263 -0.09985974038670756 0.019882703157144126 -0.020070925468260014 0.019882703157144126 -0.10194304001559512
-0.045387285392154496 0.0067934481948607435 0.030049462430247656 0.0067934481948607435 -0.007965017311855243 0.012916641330625886 0.030049462430247656 0.012916641330625886 -0.04628248906697396
0.027508002151375575 0.00815599409581673 -0.004479691004558125 0.00815599409581673 0.002257749575775452 0.01913624101598697 -0.004479691004558125 0.01913624101598697 0.016518573655053336
0.006385786213712186 -0.025872763438705353 0.00417027188823591 -0.025872763438705353 0.015350677168519634 0.0010118096919497957 0.00417027188823591 0.0010118096919497957 0.008366252189697403
-0.012831252672412339 0.0004967232698229034 -0.01079845171236075 0.0004967232698229034 0.0014809882333167155 0.001185341481222492 -0.01079845171236075 0.001185341481222492 0.0033274031974828127
-0.031470770418576405 -0.013046101554369008 -0.0027122375952991803 -0.013046101554369008 -0.02231949346788347 0.01152104175552272 -0.0027122375952991803 0.01152104175552272 -0.03786573820844059
-0.03638934076319987 0.031184305242634176 -0.012400636750883794 0.031184305242634176 -0.03898405418375352 0.004328194998050215 -0.012400636750883794 0.004328194998050215 -0.02132329245539207
-0.02895134592246911 0.003374229235857985 0.017940799800997286 0.003374229235857985 -0.026762458167833618 -0.020740262369740414 0.017940799800997286 -0.020740262369740414 -0.0314808701523436
0.006490456181844924 -0.0017270544741901687 0.02392076034879131 -0.0017270544741901687 0.008025615714458407 -0.006038722635166794 0.02392076034879131 -0.006038722635166794 -0.0008630681582874846
-0.0006959634723211844 0.0030014572440870075 0.006483110920923328 0.0030014572440870075 -0.007691406342525808 -0.007816275778192933 0.006483110920923328 -0.007816275778192933 -0.008715152083473196
-0.03301878415780268 -0.0028848512269566773 0.00311439063075654 -0.0028848512269566773 -0.04051278661306061 0.00010466996813273751 0.00311439063075654 0.00010466996813273751 -0.023771100657513804
-0.05870516160062255 -0.017005197191109045 0.03944313299135324 -0.017005197191109045 -0.020056234946416823 0.020114078876174387 0.03944313299135324 0.020114078876174387 -0.06643329424775633
0.007980625991313633 0.02677347605921601 -0.01967703585133945 0.02677347605921601 0.01671138675424522 0.012537442235548514 -0.01967703585133945 0.012537442235548514 0.027385887188554045
-0.014600542396901681 -0.013710847667773413 -0.012964385526616258 -0.013710847667773413 1.0099733767193969e-05 -0.01637625922469742 -0.012964385526616258 -0.01637625922469742 -0.007326897769291625
0.012971730787537853 0.00353307050328749 -0.015323132440063648 0.00353307050328749 0.005182999737800905 0.01078467934813276 -0.015323132440063648 0.01078467934813276 0.01286063371609872
-0.04743569503166447 0.004630268853450835 0.00998220959244844 0.004630268853450835 -0.0482308195264272 -0.011697328017641015 0.00998220959244844 -0.011697328017641015 -0.03513146483037662
0.018844266894353548 0.011762517208320175 0.012329020456898238 0.011762517208320175 0.009300936641970445 0.011023400328084618 0.012329020456898238 0.011023400328084618 0.006272852827042654
-0.038429486984173054 -0.009463450539860748 0.003788318320312938 -0.009463450539860748 -0.02639978590982983 -0.015670196018609042 0.003788318320312938 -0.015670196018609042 -0.041273939276060954
-0.006809975031934334 0.004601805967379652 -0.00909343302093537 0.004601805967379652 -0.01248877988194294 0.02220472376598354 -0.00909343302093537 0.02220472376598354 -0.02589204474862454
-0.0344960997606586 0.033779018663187825 0.003455945263610736 0.033779018663187825 -0.017292580524666472 -0.00426943291067745 0.003455945263610736 -0.00426943291067745 -0.024995004758574673
-0.08036725421602321 -0.006089221304002764 -0.009516703681542317 -0.006089221304002764 -0.07470038541501219 0.02031331907867267 -0.009516703681542317 0.02031331907867267 -0.06547841032794889
-0.016452466306758975 -0.005921198460421264 -0.002347729022064998 -0.005921198460421264 -0.027572273184439534 0.011343837335789225 -0.002347729022064998 0.011343837335789225 -0.01855780171841132
-0.010061171147355592 -0.004915815871777864 0.017873774295087727 -0.004915815871777864 -0.022441608430705 0.023651740167537873 0.017873774295087727 0.023651740167537873 -0.026903854440574335
-0.05054641303196021 0.02270603782388244 -0.007735477908055381 0.02270603782388244 -0.04646520243239865 -0.012815643992953946 -0.007735477908055381 -0.012815643992953946 -0.04213976190719403
-0.0008722497344394791 0.006912808684836672 0.013487735367279945 0.006912808684836672 -0.023403837611434025 0.026581581117639325 0.013487735367279945 0.026581581117639325 -0.0073158798779092305
-0.036320478942059906 -0.02352503441664035 0.012270258369525472 -0.02352503441664035 -0.04060552053219575 -0.004870826148633091 0.012270258369525472 -0.004870826148633091 -0.03841387830471466
-3.672630460797807e-06 0.011831379029460135 0.006706223221416795 0.011831379029460135 0.013420709861370384 0.010377017366984202 0.006706223221416795 0.010377017366984202 0.006307742816420233
-0.02907621535813624 -0.00504068530744499 -0.018931491867797495 -0.00504068530744499 -0.032310884636483905 -0.011324556025870037 -0.018931491867797495 -0.011324556025870037 -0.033823090228717406
-0.014406811140094596 0.0032401782240388654 0.010387117100751396 0.0032401782240388654 -0.023583796504013113 0.0033687202901667886 0.010387117100751396 0.0033687202901667886 -0.012172015504699133
-0.044617869310617356 -0.0016884918543517914 0.03373678341288865 -0.0016884918543517914 -0.018361315988758634 -0.008035715448225601 0.03373678341288865 -0.008035715448225601 -0.024799437186537193
0.03136701860805887 0.0016021850385230434 -0.005950579504107646 0.0016021850385230434 0.009848158580629318 0.0067833484610935494 -0.005950579504107646 0.0067833484610935494 0.019655000068574662
-0.03245319906683982 -0.01245848068064136 -0.002209087222169881 -0.01245848068064136 -0.020182022539699147 -0.021270957471325697 -0.002209087222169881 -0.021270957471325697 -0.025508254865471168
-0.03246329880060701 -0.0034421728993827448 -0.0274648487434612 -0.0034421728993827448 -0.05454866207661463 0.02651088298126897 -0.0274648487434612 0.02651088298126897 -0.04331683996987973
0.01565917812722665 -0.008761978121848368 0.01650939207890134 -0.008761978121848368 0.01954665746998113 0.017103440055935386 0.01650939207890134 0.017103440055935386 0.010135541914186749
