0.008698625246399605 0.0010301728442537847 -0.00026259307794704317 0.0010301728442537847 0.013962422854338062 0.00039939856261176146 -0.00026259307794704317 0.00039939856261176146 -0.004622923592529239
0.005684313795699805 0.003506443932446706 -0.001902422578693264 0.003506443932446706 -0.0040196940393432 -0.002591040790092853 -0.001902422578693264 -0.002591040790092853 0.004802882485108332
-0.007749250272283373 -0.0014589524505519286 0.000886022098667471 -0.0014589524505519286 -0.0021962330155570887 -0.0023973095332857682 0.000886022098667471 -0.0023973095332857682 0.0019051770515388622
-0.01232626598405264 -0.0006675005862500014 -0.002731518905218369 -0.0006675005862500014 -0.021889795703970125 0.004215261611380683 -0.002731518905218369 0.004215261611380683 -0.020259147779375902
-0.02342862786704441 0.005331741271463216 0.0034440092146131433 0.005331741271463216 -0.007776795000739356 -0.0013157198625808142 0.0034440092146131433 -0.0013157198625808142 -0.014594115293595283
0.013827453684903743 0.0011082162415457382 -0.0034889989377579166 0.0011082162415457382 0.002585531844401656 0.007839229718572918 -0.0034889989377579166 0.007839229718572918 -0.008159666726277527
-0.00763631688561384 0.005438247554826353 -0.0034972623562947117 0.005438247554826353 0.0035688786502802686 -0.005452019919054344 -0.0034972623562947117 -0.005452019919054344 0.0029142322706430593
-0.005234416564252074 -0.00547589201704953 0.0011008709806241425 -0.00547589201704953 -4.3153407914374227e-05 0.0063435509634130124 0.0011008709806241425 0.0063435509634130124 -0.006451893562006547
0.01606041300506881 0.0005876208737276491 -0.001906095209154062 0.0005876208737276491 0.010856295642118317 0.004879089567169886 -0.001906095209154062 0.004879089567169886 0.012812889520108348
0.01753038334700313 -0.001252366987132052 0.0004921324817469061 -0.001252366987132052 0.018174929992873144 -0.0012110498944480769 0.0004921324817469061 -0.0012110498944480769 0.006199400217826698
0.0013267377539632078 0.0008511321092898917 -0.0036542673084938174 0.0008511321092898917 0.0021640974990251075 -0.006933926309986259 -0.0036542673084938174 -0.006933926309986259 0.008491121625364528
0.0019336399376100454 -0.003946241430127243 0.0016150392451358354 -0.003946241430127243 0.0033925923881619737 0.0004618332804453242 0.0016150392451358354 0.0004618332804453242 0.0018298881270925073
-0.0013671366890319835 0.0006619916405588047 -0.003638658629035427 0.0006619916405588047 0.011764353523550576 -0.0011183159753129321 -0.003638658629035427 -0.0011183159753129321 -0.002968403569939827
-0.013627295324790262 0.003976540631428825 -0.00694953498944465 0.003976540631428825 -0.017852656669938138 0.0008391960602922989 -0.00694953498944465 0.0008391960602922989 -0.015131237498486964
-0.003962768267200834 0.0027774267859783414 0.0033990194914683704 0.0027774267859783414 -0.01202235581342162 0.000750134771617952 0.0033990194914683704 0.000750134771617952 -0.004590788075997259
-0.0018638599588548868 -0.0009025489357410611 0.0036175410038858397 -0.0009025489357410611 -0.009363371359804008 -1.5608679458390678e-05 0.0036175410038858397 -1.5608679458390678e-05 -0.00046642406852132143
-0.021449080048674393 -0.0011761599050704975 0.007078077055572573 -0.0011761599050704975 -0.02790372808352654 0.0007538074020787497 0.007078077055572573 0.0007538074020787497 -0.02647966562235219
-0.010875576952037506 0.004395220503959775 0.00874086049669878 0.004395220503959775 -0.0221073990587724 0.0009668199688050227 0.00874086049669878 0.0009668199688050227 -0.02622258149009634
-0.011045436110849403 0.005631060654018237 0.007056959430422986 0.005631060654018237 -0.019823022912156162 -0.0025616597464064705 0.007056959430422986 -0.0025616597464064705 -0.017707587766736626
-0.020486850867945366 0.006495965127536121 0.007740068696131378 0.006495965127536121 0.002061263846122769 -0.003553269970821878 0.007740068696131378 -0.003553269970821878 -0.01577578414435698
0.012501634088555733 0.0036919117707169954 -0.004128954795551934 0.0036919117707169954 0.005185754210646504 0.009743488612496581 -0.004128954795551934 0.009743488612496581 -0.0048579719420202986
-0.02788444677360735 0.004523762570087699 0.00249555239811211 0.004523762570087699 -0.03111636157910942 -0.007695078972986605 0.00249555239811211 -0.007695078972986605 -0.021759417322611805
-0.008698625246399605 -0.0013120472321200166 0.009928038293151671 -0.0013120472321200166 -0.013264623066786479 0.007356278812978007 0.009928038293151671 0.007356278812978007 -0.013437236698443976
0.004349312623199803 0.0029812577765526197 0.0036101957429642445 0.0029812577765526197 -0.008022861241612809 -0.002423017946511353 0.0036101957429642445 -0.002423017946511353 -0.008432359537991764
0.020238030154226316 0.0026580662960024124 0.0013184743354264126 0.0026580662960024124 0.019549411942826726 -0.001294602237431227 0.0013184743354264126 -0.001294602237431227 0.014740102354411998
0.01676463989592679 -0.0011045436110849404 -0.004464082325099734 -0.0011045436110849404 0.002455153463043334 -0.00542631150582876 -0.004464082325099734 -0.00542631150582876 0.016033786434228026
0.014931079138373484 -0.004398893134420573 0.0043272768404350155 -0.004398893134420573 0.017183319768457737 -0.002625930779470432 0.0043272768404350155 -0.002625930779470432 0.016131111141439166
-0.006668578759193617 -0.0017261363165749692 -0.00299778461362621 -0.0017261363165749692 0.0001772044197334942 -0.003752510173320159 -0.00299778461362621 -0.003752510173320159 -0.012951531320003467
-0.00865730815371563 0.004695458044129996 -0.0020686091070443646 0.004695458044129996 -0.012463989626332557 -0.00020015836011348046 -0.0020686091070443646 -0.00020015836011348046 0.004097737436635153
0.02138389085799523 -0.003362293186860392 0.004609151228301247 -0.003362293186860392 0.022795099112556786 0.001232167519597664 0.004609151228301247 0.001232167519597664 0.018190538672331537
0.01448393637977135 -0.0031428535168277236 -0.0011008709806241425 -0.0031428535168277236 0.014122182279382766 -0.00438603892780778 -0.0011008709806241425 -0.00438603892780778 -0.00249463424049691
-0.017624035423753476 0.008034797290610402 -0.003039101706310185 0.008034797290610402 -0.01068368201046082 -0.006435366724932957 -0.003039101706310185 -0.006435366724932957 -0.013260950436325681
-0.006016686852402008 0.0019244583614580508 -0.0009741652297266183 0.0019244583614580508 -0.0008952036748194654 0.006964225511287841 -0.0009741652297266183 0.006964225511287841 0.0029482041024054394
-0.0013221469658872104 0.0015783129405278575 -0.00033329121431740095 0.0015783129405278575 -0.012205987336461511 0.003412791855696362 -0.00033329121431740095 0.003412791855696362 -0.003947159587742443
0.005741239567842171 0.0015186326955398933 0.0034284005351547524 0.0015186326955398933 0.010856295642118317 0.0003378820023933982 0.0034284005351547524 0.0003378820023933982 0.008564574234580485
-0.01661406204703408 -0.0017812257734869364 -0.003203451919430887 -0.0017812257734869364 -0.021797061784834985 -0.0011779962203008966 -0.003203451919430887 -0.0011779962203008966 -0.0115540954296699
-0.0068347652875447185 0.00029748306732462236 0.007496756928103524 0.00029748306732462236 -0.02145183452151999 0.005474973859434331 0.007496756928103524 0.005474973859434331 -0.02527045204313451
-0.0014690521843191227 0.006409658311707372 0.006041477108012392 0.006409658311707372 0.003473390258299526 -0.003546842867515482 0.006041477108012392 -0.003546842867515482 -0.00679987529816714
-0.01126946656895807 0.0024037366365921645 -0.002314675347917818 0.0024037366365921645 0.0028848512269566773 -0.0004811145903645127 -0.002314675347917818 -0.0004811145903645127 -0.011453098091997961
-0.013149853364886548 0.00579265639429334 -0.0024120000551289596 0.00579265639429334 -0.005608106713638252 0.0016536018649742125 -0.0024120000551289596 0.0016536018649742125 0.007597754265775463
-0.011716609327560204 -0.006132374711917138 0.0024560716206585335 -0.006132374711917138 -0.006771412412095956 0.0043291131556654145 0.0024560716206585335 0.0043291131556654145 -0.0024184271584353555
-0.014645532120046453 -0.0025598234311760715 0.00029564675209422343 -0.0025598234311760715 -0.004118855061784741 0.0055484264686502865 0.00029564675209422343 0.0055484264686502865 -0.004618332804453242
-0.012082954216024785 -0.000504068530744499 -0.001416717200252754 -0.000504068530744499 -0.017877446925548525 0.004837772474485911 -0.001416717200252754 0.004837772474485911 -0.009485486322625535
-0.002101662781191545 -0.00140661746648556 0.0038030088421561288 -0.00140661746648556 0.00045448801952372857 0.0038222901520753175 0.0038030088421561288 0.0038222901520753175 -0.002268767467157845
-0.012268422054295075 0.0032640503220340506 -0.0015094511193878984 0.0032640503220340506 0.001626057136518229 0.0009356026098882414 -0.0015094511193878984 0.0009356026098882414 -0.01654060943781812
0.0016903281695821908 0.005570462251415074 -0.004368593933118991 0.005570462251415074 0.00745176720495875 0.0034430910569979434 -0.004368593933118991 0.0034430910569979434 0.01476948339809838
0.0010870986163961508 -0.0024560716206585335 -0.0009117305118930555 -0.0024560716206585335 -0.010686436483306418 0.003208042707506884 -0.0009117305118930555 0.003208042707506884 -0.014713475783571213
-0.004150072420701522 0.008886847557515494 0.00105496309986417 0.008886847557515494 -0.018187784199485937 -0.003585405487353859 0.00105496309986417 -0.003585405487353859 -0.016733422537010007
-0.01922346598943092 0.004570588608462871 0.001811524974788518 0.004570588608462871 0.0011247430786193284 -0.0026902018125343936 0.001811524974788518 -0.0026902018125343936 -0.01599797828723525
0.0011274975514649265 0.007256199632921266 -0.0036845665097953993 0.007256199632921266 -0.011095016622070174 0.0066750058625000145 -0.0036845665097953993 0.0066750058625000145 -0.005336332059539213
0.003911351440749664 -0.0032456871697300617 0.0043135044762070245 -0.0032456871697300617 0.017699324348199832 -0.0017408268384181606 0.0043135044762070245 -0.0017408268384181606 0.012807380574417153
-0.03330892196420571 -0.004838690632101111 -0.003804845157386528 -0.004838690632101111 -0.029217611630876956 0.0001083425985935353 -0.003804845157386528 0.0001083425985935353 -0.027337224834948475
-0.014730920778260003 0.0014240624611743494 0.006816402135240729 0.0014240624611743494 -0.01964214586196187 0.0065822719433648695 0.006816402135240729 0.0065822719433648695 -0.019664181644726657
0.008886847557515494 0.0010154823224105937 0.0037919909507737356 0.0010154823224105937 -0.004754220131502761 0.0018666144317004854 0.0037919909507737356 0.0018666144317004854 -0.003665285199876211
0.004582524657460464 0.0016370750279006223 0.00032961858385660315 0.0016370750279006223 0.007246099899154072 -0.00356704233504987 0.00032961858385660315 -0.00356704233504987 0.0006059840260316382
0.007561027961167485 -0.00019464941442228376 -0.005298687597316036 -0.00019464941442228376 -0.007048696011886191 -0.0037956635812345335 -0.005298687597316036 -0.0037956635812345335 -0.008829003627757927
-0.011233658421965291 0.0039958219413480135 0.0015617861034542674 0.0039958219413480135 -0.016468074986217364 -0.007007378919202215 0.0015617861034542674 -0.007007378919202215 -0.010157577696951534
0.013758591863763785 0.0028793422812654805 0.002546969224563279 0.0028793422812654805 0.008148648834895134 0.000684945580938791 0.002546969224563279 0.000684945580938791 0.018510057522420947
-0.018214410770326723 -0.005046194253136187 0.0004049075083029582 -0.005046194253136187 -0.021819097567599772 -0.004665158842828415 0.0004049075083029582 -0.004665158842828415 -0.0187579600785248
0.009166885630151327 0.00437134840596459 0.0038250446249209155 0.00437134840596459 0.01461890554920567 0.0020842177865027555 0.0038250446249209155 0.0020842177865027555 -0.0031795798214357012
-0.008924492019738672 0.00848836715251893 -0.003235587435962868 0.00848836715251893 -0.010597375194632072 -0.0030032935593174064 -0.003235587435962868 -0.0030032935593174064 -0.014943015187371076
-0.008649044735178834 0.002979421461322221 0.0010769988826289567 0.002979421461322221 -0.0065547272149088865 0.0004563243347541275 0.0010769988826289567 0.0004563243347541275 -0.016166001130816746
0.010752543831600778 0.0042859597477510405 -0.00020383099057427826 0.0042859597477510405 0.01910410549945499 0.00028646517594222896 -0.00020383099057427826 0.00028646517594222896 0.019757833721477002
-0.01694551694612108 -0.0017876528767933326 -0.0048047188003387305 -0.0017876528767933326 -0.021058863062214626 -0.0031309174678301305 -0.0048047188003387305 -0.0031309174678301305 -0.025613842991219105
-0.011970938986970452 0.00746737588441714 0.004715657511664384 0.00746737588441714 -0.01553889947963552 0.0009668199688050227 0.004715657511664384 0.0009668199688050227 -0.014608805815438478
-0.013705338722082216 0.003796581738849733 0.001478233760471117 0.003796581738849733 -0.006209499951593892 -0.00013955995751031665 0.001478233760471117 -0.00013955995751031665 -0.009971191701066045
0.018174011835257946 0.0038287172553817133 -0.000778597657689135 0.0038287172553817133 0.016264243995643086 0.0026929562853799916 -0.000778597657689135 0.0026929562853799916 0.006184709695983507
0.00025524781702544757 0.0018243791814013105 -0.00175827183310695 0.0018243791814013105 -0.012461235153486959 -0.002921577531564655 -0.00175827183310695 -0.002921577531564655 -0.007440749313576356
-0.01312965389735216 0.0012385946229040603 0.0015562771577630704 0.0012385946229040603 -0.02105059964367783 -0.004493463368786117 0.0015562771577630704 -0.004493463368786117 -0.023789463809817793
-0.007147857034327731 0.009539657621922304 0.007623462679001047 0.009539657621922304 -0.010776415929595964 -0.0007400350378507581 0.007623462679001047 -0.0007400350378507581 -0.010719490157453599
0.0007593163477699466 0.004150072420701522 0.0037773004289305447 0.004150072420701522 -0.006775085042556753 -0.0044576552217933385 0.0037773004289305447 -0.0044576552217933385 -0.0001726136316574969
0.006429857779241761 -0.0026580662960024124 0.004218016084226281 -0.0026580662960024124 -0.005083838715359364 -0.0029849304070134175 0.004218016084226281 -0.0029849304070134175 0.010770906983904769
0.004041729822107987 -0.0037571009613961565 0.0030400198639253845 -0.0037571009613961565 0.005998323700098018 -0.0006013932379556408 0.0030400198639253845 -0.0006013932379556408 0.015302014814914063
-0.009267882967823266 -0.00597720607494843 0.001128415709080126 -0.00597720607494843 -0.02064752845060527 0.00033237305670220154 0.001128415709080126 0.00033237305670220154 -0.017289826051820875
-0.008361661401621406 0.006013014221941209 0.0034366639536915476 0.006013014221941209 -0.016781166733000376 -0.0015149600650790954 0.0034366639536915476 -0.0015149600650790954 -0.006136965499993136
0.0014993513856207048 -0.0028205801938927153 0.004071110865794369 -0.0028205801938927153 -0.007666616086915421 -0.0003975622473813626 0.004071110865794369 -0.0003975622473813626 0.00958097471460628
-0.011526550701213917 -0.005302360227776834 0.007020233125815008 -0.005302360227776834 0.01012911481088035 -0.0007850247609955312 0.007020233125815008 -0.0007850247609955312 0.004675258576595608
-0.01368238478170223 -0.0004251069758373461 -0.0030850095870701573 -0.0004251069758373461 -0.006032295531860398 0.009660854427128631 -0.0030850095870701573 0.009660854427128631 -0.020238030154226316
7.804339729195339e-05 0.003926960120208055 -0.002917904901103857 0.003926960120208055 -0.0075940816353146645 0.0026130765728576396 -0.002917904901103857 0.0026130765728576396 -0.014641859489585655
-0.008851957568137914 0.004661486212367616 -0.00028187438786623164 0.004661486212367616 0.0017940799800997284 -7.253445160075668e-05 -0.00028187438786623164 -7.253445160075668e-05 0.011086753203533379
-0.011922276633364882 -0.008303817471863841 -0.0014451800863239368 -0.008303817471863841 -0.0018831412687740753 0.007364542231514803 -0.0014451800863239368 0.007364542231514803 0.0015966760928318466
-0.015054112258810209 -0.0029748306732462234 -0.002888523857417475 -0.0029748306732462234 -0.02125351247663691 0.005288587863548842 -0.002888523857417475 0.005288587863548842 -0.02610230284250521
0.001132088339540924 0.005923034775651663 0.004490708895940518 0.005923034775651663 -0.010010672478519621 -0.0006629097981740042 0.004490708895940518 -0.0006629097981740042 4.866235360557094e-05
-0.026070167325973233 -0.0012615485632840467 0.005867945318739696 -0.0012615485632840467 -0.023495653372953968 -0.004700048832205993 0.005867945318739696 -0.004700048832205993 -0.027397823237551636
-0.019503504062066752 0.005972615286872433 0.005134337384195334 0.005972615286872433 -0.013484980894434348 0.0029812577765526197 0.005134337384195334 0.0029812577765526197 -0.005798165339984538
-0.00021943967003266895 -0.0024744347729625223 0.0019501667746836353 -0.0024744347729625223 -0.0150697209382686 0.004813900376490725 0.0019501667746836353 0.004813900376490725 0.000524267998278887
0.0013285740691936067 -0.0016233026636726306 0.004213425296150284 -0.0016233026636726306 -0.012779835845961169 -0.0011926867421440876 0.004213425296150284 -0.0011926867421440876 -0.007714360282905793
-0.011948903204205665 -0.0005619124605020645 0.006039640792781993 -0.0005619124605020645 -0.005479564647510328 -0.0034247279046939545 0.006039640792781993 -0.0034247279046939545 0.006729177161796781
-0.018214410770326723 -0.002824252824353513 0.0005141682645116929 -0.002824252824353513 -0.013188415984724925 0.0065583998453696835 0.0005141682645116929 0.0065583998453696835 -0.0011458607037689158
0.004253824231219059 -0.002903214379260666 0.0010880167740113503 -0.002903214379260666 0.004145481632625524 0.009107205385163361 0.0010880167740113503 0.009107205385163361 -0.007153365980018929
-0.015477382919417157 0.006888936586841487 -0.0019593483508356297 0.006888936586841487 -0.013992722055639643 -8.263418536795066e-06 -0.0019593483508356297 -8.263418536795066e-06 -0.01319759756087692
0.008057751230990388 0.0001652683707359013 0.004024284827419197 0.0001652683707359013 -0.006051576841779586 0.003774545956084946 0.004024284827419197 0.003774545956084946 0.006155328652297124
0.011953493992281662 -0.0018464149641660972 0.0027911991502063333 -0.0018464149641660972 0.011969102671740051 -0.004043566137338385 0.0027911991502063333 -0.004043566137338385 -0.00529134233639444
0.005903753465732475 0.005664114328165417 -0.004195980301461494 0.005664114328165417 0.0008226692232187088 -0.0028288436124295105 -0.004195980301461494 -0.0028288436124295105 0.008442459271758958
-0.019284982549649284 -0.0027902809925911334 -0.00015425047935350788 -0.0027902809925911334 -0.00510771081335455 -0.0032401782240388654 -0.00015425047935350788 -0.0032401782240388654 -0.011116134247219762
0.020424416150111806 0.0017316452622661658 -0.0019198675733820537 0.0017316452622661658 0.019851485798227344 0.005620960920251043 -0.0019198675733820537 0.005620960920251043 0.01192135847574968
0.004975496116765829 -0.002933513580562248 -0.005444674658132748 -0.002933513580562248 -0.014013839680789232 -0.0023716011200601837 -0.005444674658132748 -0.0023716011200601837 -0.011349346281480422
0.006046986053703588 0.0034486000026891406 0.0035596970741282744 0.0034486000026891406 -0.00935969872934321 -0.0050296674160625965 0.0035596970741282744 -0.0050296674160625965 -0.00793930889862966
0.005336332059539213 0.0032741500558012447 0.00544283834290235 0.0032741500558012447 -0.004968150855844233 -0.003969195370507229 0.00544283834290235 -0.003969195370507229 -0.012945104216697069
0.014715312098801614 0.006776003200171954 0.0011724872746096998 0.006776003200171954 0.014239706454128297 -0.004634859641526832 0.0011724872746096998 -0.004634859641526832 0.00999690011429163
