-0.014388447987790608 -0.0016251389789030295 -0.006638279557892035 -0.0016251389789030295 0.004393384188729376 0.0022880487770770334 -0.006638279557892035 0.0022880487770770334 -0.01024847530085628
0.01736236050342163 0.005199526574874495 -0.005051703198827383 0.005199526574874495 0.013561187976495902 0.0063554870124106055 -0.005051703198827383 0.0063554870124106055 -0.00848836715251893
-0.016299133985020666 0.015476464761801957 -0.007690488184910607 0.015476464761801957 -0.02853082973470776 -0.012954285792849064 -0.007690488184910607 -0.012954285792849064 -0.01880570427451517
-0.01259344985007568 0.0036111139005794435 0.00847367663067574 0.0036111139005794435 -0.013703502406851815 -0.005054457671672982 0.00847367663067574 -0.005054457671672982 -0.00304736512484698
-0.033756982880423045 -0.0013928451022575683 0.003358620556399594 -0.0013928451022575683 -0.014947605975447073 0.003000539086471808 0.003358620556399594 0.003000539086471808 -0.029842876966827782
0.00827260011294706 0.013438154856059176 -0.007125821251562944 0.013438154856059176 0.002615831045703238 0.011006873491011027 -0.007125821251562944 0.011006873491011027 0.016581926530502097
0.022940168015758298 -0.006356405170025804 -0.001626057136518229 -0.006356405170025804 0.023784873021741794 -0.0038140267335385223 -0.001626057136518229 -0.0038140267335385223 0.01418645331244673
-0.005468546756127934 0.008200983818961503 -0.006484029078538528 0.008200983818961503 -0.022637176002742482 -0.005272061026475252 -0.006484029078538528 -0.005272061026475252 -0.02305861034811903
-0.0323264933159423 0.005986387651100425 0.011261203150421275 0.005986387651100425 -0.008001743616463221 -0.01101697322477822 0.011261203150421275 -0.01101697322477822 -0.03106127212219745
-0.013683302939317429 0.014697867104112822 -0.00629580676742264 0.014697867104112822 -0.017122721365854576 0.013323385154159243 -0.00629580676742264 0.013323385154159243 -0.013902742609350099
0.020200385692003137 0.00574491219830297 -0.0018216247085557121 0.00574491219830297 0.005497009642199117 0.0005205953678180891 -0.0018216247085557121 0.0005205953678180891 0.002152161450027515
-0.048208783743662414 -0.0068522102822335075 -0.0004021530354573599 -0.0068522102822335075 -0.05601220531524255 -0.008308408259939839 -0.0004021530354573599 -0.008308408259939839 -0.05398766777372776
0.001292765922200828 0.0067677397816351586 0.011839642447996929 0.0067677397816351586 0.011483397293299542 0.007871365235104899 0.011839642447996929 0.007871365235104899 0.0026094039423968417
0.0016453384464374175 0.002245813526777859 -0.0013763182651839781 0.002245813526777859 0.010707554108456006 -0.0024156726855897575 -0.0013763182651839781 -0.0024156726855897575 0.007106539941643756
-0.014371921150717016 0.0005003959002837012 -0.005694413529467 0.0005003959002837012 0.011844233236072926 -0.0018748778502372804 -0.005694413529467 -0.0018748778502372804 -0.011899322692984894
-0.013594241650643081 0.004528353358163696 -0.005765111665837357 0.004528353358163696 -0.0011678964865337025 0.010880167740113501 -0.005765111665837357 0.010880167740113501 -0.01934190832179165
-0.01592360752040409 0.01516980011832534 -0.004532944146239694 0.01516980011832534 -0.012724746389049203 0.004598133336918854 -0.004532944146239694 0.004598133336918854 0.008442459271758958
-0.019415360931007607 -0.01793988164338209 -0.005537408577267893 -0.01793988164338209 -0.02856296525123974 0.0008336871146011021 -0.005537408577267893 0.0008336871146011021 -0.03237056488147187
0.0192574378211933 -0.001500269543235904 0.006567581421521678 -0.001500269543235904 0.02686345550550556 -0.0022981485108442275 0.006567581421521678 -0.0022981485108442275 0.013841226049131735
0.0030097206626238026 0.00421985239945668 -0.00155719531537827 0.00421985239945668 0.012098562895483174 -0.004553143613774081 -0.00155719531537827 -0.004553143613774081 -0.002317429820763416
-0.023758246450901015 -0.0027957899382823307 -0.0015966760928318466 -0.0027957899382823307 0.009654427323822235 -0.0006041477108012392 -0.0015966760928318466 -0.0006041477108012392 -0.01361168664533187
0.01600991433623284 0.0011513696494601124 -0.005734812464535775 0.0011513696494601124 0.009859176472011713 0.011981956878352846 -0.005734812464535775 0.011981956878352846 -0.0004453064433717341
0.011442998358230767 0.008801458899301944 -0.0064757656600017335 0.008801458899301944 0.01143565309730917 -0.006622670878433645 -0.0064757656600017335 -0.006622670878433645 -0.001120152290543331
-0.022130352999152385 0.014803455229860759 -0.010302646600153047 0.014803455229860759 -0.005052621356442583 -0.00606259473316198 -0.010302646600153047 -0.00606259473316198 -0.014491281640692947
0.023301922116146883 0.008151403307740732 -0.0037543464885505585 0.008151403307740732 0.02513548287370019 -0.0003461454209301933 -0.0037543464885505585 -0.0003461454209301933 0.013978031533796452
0.011697328017641015 -0.005642078545400631 -0.006043313423242791 -0.005642078545400631 0.013232487550254498 -0.008066014649527182 -0.006043313423242791 -0.008066014649527182 0.006332533072030618
0.00832309878178303 -0.002749882057522358 -0.004980086904841826 -0.002749882057522358 -0.00698350682120703 -0.0024882071371905142 -0.004980086904841826 -0.0024882071371905142 0.005081084242513766
0.020384017215043026 -0.0028811785964958795 0.004752383816272362 -0.0028811785964958795 0.01684451960844914 0.0011926867421440876 0.004752383816272362 0.0011926867421440876 0.014440782971856978
-0.004126200322706336 -0.001384581683720773 -0.010283365290233859 -0.001384581683720773 -0.023248668974465318 -0.003958177479124836 -0.010283365290233859 -0.003958177479124836 -0.02388587035941374
-0.028797095443115605 0.012378600968119007 0.0056962498446973975 0.012378600968119007 -0.0256184337792951 -0.0040509113982599805 0.0056962498446973975 -0.0040509113982599805 -0.006249898886662668
0.01920877546758773 -0.006388540686557784 0.009280737174436058 -0.006388540686557784 0.008640781316642041 0.01078284303290236 0.009280737174436058 0.01078284303290236 0.013417037230909588
-0.020331682230976658 -0.006723668216105585 0.01515143696602135 -0.006723668216105585 -0.018930573710182298 -0.01696112562557947 0.01515143696602135 -0.01696112562557947 -0.01659569889473009
0.011790980094391359 -0.004864399045326695 0.003950832218203241 -0.004864399045326695 0.01579231098143057 -0.0021576703957187113 0.003950832218203241 -0.0021576703957187113 -0.007067977321805379
0.02172177286038863 0.0010944438773177463 -0.0016618652835110074 0.0010944438773177463 0.014202980149520318 -0.006672251389654415 -0.0016618652835110074 -0.006672251389654415 0.009446923702787158
-0.008582019229269275 0.004089474018098358 -0.005946906873646849 0.004089474018098358 -0.008760141806617968 -0.0160760216845272 -0.005946906873646849 -0.0160760216845272 -0.01734307919350244
-0.017703915136275828 0.008212001710343897 0.0002699383388686388 0.008212001710343897 -0.004060092974411975 0.0032998584690268292 0.0002699383388686388 0.0032998584690268292 -0.010808551446127947
-0.021006528078148255 0.0072020283336245 -0.005923034775651663 0.0072020283336245 -0.031863741877881775 0.019069215510077415 -0.005923034775651663 0.019069215510077415 -0.032716710302402065
-0.027723769190947444 0.005301442070161634 0.0061066662986915534 0.005301442070161634 0.0016407476583614202 -0.006107584456306752 0.0061066662986915534 -0.006107584456306752 -0.02081463313657157
-0.026950680478949506 0.016524082600744533 -0.01619262770165753 0.016524082600744533 -0.031124624997646212 0.007709769494829796 -0.01619262770165753 0.007709769494829796 -0.026733995281762433
-0.035704395182261074 0.01100136454531983 0.010078616142044382 0.01100136454531983 -0.04098104699681233 0.01143748941253957 0.010078616142044382 0.01143748941253957 -0.03234944725632228
-0.010424761562974574 0.006830174499468721 0.010310910018689843 0.006830174499468721 -0.016357896072393432 -0.0005646669333476628 0.010310910018689843 -0.0005646669333476628 -0.02235805608772185
-0.013687893727393426 0.007780467631200154 0.005209626308641689 0.007780467631200154 -0.023168789261942963 -0.0047119848812035865 0.005209626308641689 -0.0047119848812035865 0.005758684562530961
-0.0008070605437603181 -0.008022861241612809 0.017673615934974244 -0.008022861241612809 0.020555712689085324 0.0005003959002837012 0.017673615934974244 0.0005003959002837012 0.004750547501041963
0.017274217372362483 -0.0018583510131636902 -0.00537581283699279 -0.0018583510131636902 0.0237756914455898 -0.0004388793400653379 -0.00537581283699279 -0.0004388793400653379 0.0066768421777304125
0.011646829348805045 0.0026213399913944347 -0.0053611223151495985 0.0026213399913944347 0.017428467851715992 -0.012094890265022376 -0.0053611223151495985 -0.012094890265022376 0.021647402093557474
-0.00477258328380675 -0.0036166228462706403 0.0004618332804453242 -0.0036166228462706403 -0.013299513056164058 0.0038737069785264866 0.0004618332804453242 0.0038737069785264866 -0.0048579719420202986
0.010598293352247271 -0.00028830149117262783 0.0028811785964958795 -0.00028830149117262783 0.0027700815250567457 0.0016747194901238001 0.0028811785964958795 0.0016747194901238001 -0.0039251238049776566
-0.0003388001600085977 -0.0017307271046509665 -0.0027003015463015877 -0.0017307271046509665 0.011567867793897893 -0.009754506503878975 -0.0027003015463015877 -0.009754506503878975 0.004676176734210807
-0.01783245720240375 0.004931424551236255 -0.009785723862795756 0.004931424551236255 -0.015432393196272385 -0.004535698619085291 -0.009785723862795756 -0.004535698619085291 -0.008680262094095616
-0.011786389306315362 -0.005016813209449804 -0.0006574008524828074 -0.005016813209449804 -0.017211782654528923 0.0018950773177716681 -0.0006574008524828074 0.0018950773177716681 0.0107185719998384
0.02136552770569124 -0.0016728831748934008 0.0009447841860402358 -0.0016728831748934008 0.02131870166731607 -0.00627927993034905 0.0009447841860402358 -0.00627927993034905 0.014864053632463925
-0.05078329769668167 0.0003039101706310185 -0.005085675030589763 0.0003039101706310185 -0.048301517662797555 -0.017889382974546116 -0.005085675030589763 -0.017889382974546116 -0.043362747850639705
0.003367802132551589 0.001485579021392713 0.015021058584663028 0.001485579021392713 0.01234003834828063 0.010556058101948096 0.015021058584663028 0.010556058101948096 0.00830565378709424
0.0043924660311141775 -0.005436411239595953 -0.005086593188204962 -0.005436411239595953 0.019398834093934014 0.0015920853047558493 -0.005086593188204962 0.0015920853047558493 0.01510277461241578
0.030233093953287545 -0.0018656962740852857 -0.0031648892995925102 -0.0018656962740852857 0.03184629688319298 0.006043313423242791 -0.0031648892995925102 0.006043313423242791 0.029777687776148618
-0.014171762790603538 -0.0033310758279436106 -0.018794686383132773 -0.0033310758279436106 -0.014634514228664061 -0.008688525512632411 -0.018794686383132773 -0.008688525512632411 0.00022770308856946402
-0.008314835363246235 -0.00949558605639273 0.017744314071344604 -0.00949558605639273 -0.015401175837355601 0.007031251017197401 0.017744314071344604 0.007031251017197401 -0.019351089897943645
0.01091781220233668 -0.0003553269970821878 0.0053354139019240136 -0.0003553269970821878 0.005579643827567068 -0.0036377404714202275 0.0053354139019240136 -0.0036377404714202275 0.0102154216267091
-0.03353387057992958 0.0012431854109800577 -0.00018363152303989033 0.0012431854109800577 -0.030556285433837753 -0.004411747341033365 -0.00018363152303989033 -0.004411747341033365 -0.028674980480294075
0.011504514918449131 0.003912269598364864 0.003972868000968027 0.003912269598364864 -0.0032980221537964307 0.008342380091702217 0.003972868000968027 0.008342380091702217 -0.015359858744671629
-0.02111854330720259 0.007308534616987635 0.0016315660822094258 0.007308534616987635 -0.014882416784767911 -0.008175275405735918 0.0016315660822094258 -0.008175275405735918 -0.008342380091702217
-0.02046481508518058 -0.004836854316870711 -0.0027957899382823307 -0.004836854316870711 -0.03320057936561217 0.007999907301232822 -0.0027957899382823307 0.007999907301232822 -0.023722438303908234
0.003747919385244162 0.003495426041064313 0.011844233236072926 0.003495426041064313 0.0015140419074638957 0.0072038646488548986 0.011844233236072926 0.0072038646488548986 -0.008243219069260677
-0.012569577752080494 -0.0020355554328971843 0.002252240630084255 -0.0020355554328971843 0.007604181369081859 -0.002240304581086662 0.002252240630084255 -0.002240304581086662 -0.0034899170953731156
-0.013494162470586343 -0.0045366167767004915 -0.004509990205859706 -0.0045366167767004915 -0.009748997558187778 0.004243724497451866 -0.004509990205859706 0.004243724497451866 -0.006504228546072916
0.002250404314853856 0.007708851337214597 -0.001962102823681228 0.007708851337214597 -0.011004119018165429 0.0039186967016712594 -0.001962102823681228 0.0039186967016712594 -0.004553143613774081
-0.03383778075056059 0.0009447841860402358 0.014575752141291297 0.0009447841860402358 -0.024094292138064015 -0.015017385954202234 0.014575752141291297 -0.015017385954202234 -0.03317303463715619
0.005431820451519956 0.008156912253431929 -0.004826754583103518 0.008156912253431929 -0.016036540907073623 0.012890932917400302 -0.004826754583103518 0.012890932917400302 0.0011054617687001399
-0.042341756582537915 -0.00584407322074451 0.018718479301071223 -0.00584407322074451 -0.036954925854162726 -0.0026470484046200193 0.018718479301071223 -0.0026470484046200193 -0.04209385402643406
-0.007881464968872093 0.011121643192910959 0.010293465024001053 0.011121643192910959 -0.00046550591090612197 -0.005250025243710464 0.010293465024001053 -0.005250025243710464 0.005012222421373807
0.0028876056998022753 -0.002364255859138588 -0.002305493771765823 -0.002364255859138588 -0.02634561461053307 0.00031125543155261415 -0.002305493771765823 0.00031125543155261415 -0.017216373442604918
0.00783463893049692 0.0007280989888531652 0.01434896721033703 0.0007280989888531652 0.01018144979494672 -0.007765777109356963 0.01434896721033703 -0.007765777109356963 -0.006200318375441897
0.008933673595890665 0.0009356026098882414 0.0008750042072850775 0.0009356026098882414 0.020157232284088764 -0.004041729822107987 0.0008750042072850775 -0.004041729822107987 0.00663093429697044
-0.0018308062847077066 -0.005212380781487287 -0.0012973567102768254 -0.005212380781487287 -0.0035312341880570914 -0.007306698301757236 -0.0012973567102768254 -0.007306698301757236 0.00604514973847319
-0.023422200763738014 -0.00790533706686728 0.005103120025278553 -0.00790533706686728 -0.03268457478587008 -0.006006587118634813 0.005103120025278553 -0.006006587118634813 -0.03668590567290929
-0.015334150331446042 0.02677990316252241 0.005853254796896505 0.02677990316252241 0.0007942063371475257 -0.0015232234836158902 0.005853254796896505 -0.0015232234836158902 0.00785208392518571
0.020776070516733195 0.0036625307270306126 -0.0010696536217073612 0.0036625307270306126 0.009652591008591836 0.009116386961315356 -0.0010696536217073612 0.009116386961315356 0.004894698246628277
-0.03710550370305544 -0.0031814161366661 -0.0014304895644807456 -0.0031814161366661 -0.024961032926812295 -0.015784047562893776 -0.0014304895644807456 -0.015784047562893776 -0.03953770322571879
-0.01354557929703751 0.019314363593335666 -0.002075036210350761 0.019314363593335666 -0.01291021422731949 0.007743741326592175 -0.002075036210350761 0.007743741326592175 -0.0050241584703714
0.017874692452702925 -0.0014295714068655462 -0.0001349691694343194 -0.0014295714068655462 0.02295394037998629 0.008911637813125877 -0.0001349691694343194 0.008911637813125877 0.01898933579755506
-0.007664779771685022 -0.007053286799962188 -0.0024377084683545446 -0.007053286799962188 0.004692703571284398 -0.0008593955278266868 -0.0024377084683545446 -0.0008593955278266868 0.00016618652835110077
0.026902936282959134 -0.0020493277971251763 -0.004464082325099734 -0.0020493277971251763 0.027907400713987333 0.0005270224711244853 -0.004464082325099734 0.0005270224711244853 0.02841606003280783
-0.029729943580158246 0.0006555645372524085 -0.004439292069489349 0.0006555645372524085 -0.03035153628564827 -0.012404309381344594 -0.004439292069489349 -0.012404309381344594 -0.026441103002513813
-0.007407695639429176 -0.003950832218203241 0.009725125460192592 -0.003950832218203241 0.003197024816124491 0.0006234290207204278 0.009725125460192592 0.0006234290207204278 -0.02032800960051586
-0.016931744581893088 0.0013717274771079808 0.0034715539430691267 0.0013717274771079808 -0.021040499909910637 -0.0028517975528094966 0.0034715539430691267 -0.0028517975528094966 -0.02270787413911284
0.013386738029608006 0.0026341941980072272 0.002965649097094229 0.0026341941980072272 -0.005345513635691208 0.0006812729504779932 0.002965649097094229 0.0006812729504779932 -0.004522844412472499
0.014830999958316745 0.00236150138629299 0.0023045756141506237 0.00236150138629299 0.015023813057508629 -0.006259998620429862 0.0023045756141506237 -0.006259998620429862 -0.008468167684984543
0.00607912157023557 0.009129241167928149 -0.006952289462290248 0.009129241167928149 -0.006194809429750701 -0.009135668271234545 -0.006952289462290248 -0.009135668271234545 -0.002325693239300211
-0.006273770984657854 0.011680801180567423 0.0019143586276908567 0.011680801180567423 -0.016860128287907533 -0.01085170485404232 0.0019143586276908567 -0.01085170485404232 -0.008910719655510678
-0.02619870939210115 -0.006431694094472158 0.010100651924809167 -0.006431694094472158 -0.016357896072393432 -0.0031345900982909284 0.010100651924809167 -0.0031345900982909284 -0.03070686328273046
-0.026030686548519654 0.006130538396686739 0.004298813954363833 0.006130538396686739 0.003907678810288867 -0.0009760015449570171 0.004298813954363833 -0.0009760015449570171 -0.017848984039477343
0.016482765508060555 0.0033907560729315753 -0.0028664880746526885 0.0033907560729315753 -0.002992275667935013 0.014999940959513442 -0.0028664880746526885 0.014999940959513442 0.002213678010245878
-0.033214351729840164 -0.002573595795404063 0.006191136799289902 -0.002573595795404063 -0.02265737547027687 -0.011916767687673682 0.006191136799289902 -0.011916767687673682 -0.03476603809952724
-0.010191549528713914 0.01093250272417987 0.0005086593188204962 0.01093250272417987 -0.02148029740759117 0.022246959016282715 0.0005086593188204962 0.022246959016282715 -0.01727605368759288
-0.002265094836697047 0.0033384210888652063 0.004173944518696708 0.0033384210888652063 0.0031869250823572965 0.001798670768175726 0.004173944518696708 0.001798670768175726 0.007308534616987635
-0.009581892872221477 -0.0027884446773607345 -0.006486783551384126 -0.0027884446773607345 -0.016257816892336692 -0.006356405170025804 -0.006486783551384126 -0.006356405170025804 -0.00952772157292471
