0.00946069606701515 -0.0002791199150206333 -0.00015884126742950514 -0.0002791199150206333 0.009066806450094585 -0.00023963913756705688 -0.00015884126742950514 -0.00023963913756705688 0.009132913798388945
-0.001443343771093538 -0.0026167492033184374 -0.0027370278509095654 -0.0026167492033184374 -0.011833215344690534 -0.002988603037474215 -0.0027370278509095654 -0.002988603037474215 -0.00798521677938963
0.002220105113552274 0.0007969608099931241 0.0026075676271664428 0.0007969608099931241 0.0025442147517176807 -0.0023165116631482167 0.0026075676271664428 -0.0023165116631482167 0.004451228118486941
-0.001048535996557774 -0.0017904073496389308 -0.0011027072958545415 -0.0017904073496389308 -0.00781994840865373 -0.0015847400438342538 -0.0011027072958545415 -0.0015847400438342538 0.0025533963278696753
-0.013484980894434348 -0.002730600747603169 0.002232041162549867 -0.002730600747603169 -0.010277856344542662 -0.0009603928654986265 0.002232041162549867 -0.0009603928654986265 -0.011601839625660273
-0.010524840743031316 0.0011550422799209102 -0.00030850095870701576 0.0011550422799209102 -0.006249898886662668 0.001894159160156469 -0.00030850095870701576 0.001894159160156469 -0.014056074931088408
-0.010791106451439155 0.0035771420688170638 -0.0015829037286038549 0.0035771420688170638 -0.010623083607857655 0.0016315660822094258 -0.0015829037286038549 0.0016315660822094258 -0.013103027326511375
-0.0013322466996544043 0.002883933069341478 0.0007372805650051596 0.002883933069341478 -0.0064243488335505635 0.0004003167202269609 0.0007372805650051596 0.0004003167202269609 -4.4071565529573677e-05
-0.014985250437670251 -0.0013074564440440192 0.001585658201449453 -0.0013074564440440192 -0.013817353951136549 -0.0006785184776323948 0.001585658201449453 -0.0006785184776323948 -0.013676875836011033
-0.009509358420620721 0.0012707301394360411 0.00127256645466644 0.0012707301394360411 -0.007667534244530622 0.0017628626211829471 0.00127256645466644 0.0017628626211829471 -0.009887639358082895
-0.00629488860980744 0.0005775211399604551 0.00016618652835110077 0.0005775211399604551 -0.012527342501781318 0.0008391960602922989 0.00016618652835110077 0.0008391960602922989 -0.010963720083096653
-0.016504801290825342 0.0009750833873418177 0.002573595795404063 0.0009750833873418177 -0.009804087015099746 -0.0010806715130897548 0.002573595795404063 -0.0010806715130897548 -0.015320377967218052
-0.014710721310725617 0.002520342653722495 -0.0004498972314477313 0.002520342653722495 -0.015705086007986622 0.0035909144330450557 -0.0004498972314477313 0.0035909144330450557 -0.007721705543827388
-0.007875956023180896 -0.0012808298732032352 0.0037010933468689896 -0.0012808298732032352 -0.00996568275537485 0.0031281629949845317 0.0037010933468689896 0.0031281629949845317 -0.00984724042301412
-0.005184836053031304 0.000713408467009974 0.0011091343991609377 0.000713408467009974 -0.007951244947627252 -5.50894569119671e-05 0.0011091343991609377 -5.50894569119671e-05 -0.010688272798536817
-0.017293498682281673 0.0023238569240698124 0.00020291283295907883 0.0023238569240698124 -0.017164956616153748 -0.0007345260921595613 0.00020291283295907883 -0.0007345260921595613 -0.011159287655134137
-0.007375560122897196 -0.0007942063371475257 0.003006048032163005 -0.0007942063371475257 -0.01170375512094741 0.002933513580562248 0.003006048032163005 0.002933513580562248 -0.004469591270790931
-0.00604606789608839 -0.001441507455863139 0.003234669278347668 -0.001441507455863139 -0.005122401335197741 1.5608679458390678e-05 0.003234669278347668 1.5608679458390678e-05 -0.00567788669239341
0.007449012732113152 -3.672630460797807e-06 -0.0008015515980691213 -3.672630460797807e-06 0.007498593243333922 0.0005279406287396847 -0.0008015515980691213 0.0005279406287396847 0.006237962837665075
0.0007391168802355585 -0.0021705246023315037 -0.001798670768175726 -0.0021705246023315037 -0.0005554853571956682 -0.001917113100536455 -0.001798670768175726 -0.001917113100536455 -0.00926053770690167
-0.011499005972757931 0.003129081152599731 -0.0016848192238909938 0.003129081152599731 -0.01292857737962348 -0.002125534879186731 -0.0016848192238909938 -0.002125534879186731 -0.012598040638151677
0.0016802284358149967 0.0012698119818208417 0.001711445794731778 0.0012698119818208417 -0.005799083497599737 0.0005261043135092858 0.001711445794731778 0.0005261043135092858 -0.0028729151779590843
-0.008413996385687775 -0.0005729303518844579 0.0015847400438342538 -0.0005729303518844579 -0.007040432593349396 -0.002498306870957708 0.0015847400438342538 -0.002498306870957708 -0.0008245055384491077
-0.009697580731736608 -0.0024276087345873505 0.0005426311505828759 -0.0024276087345873505 -0.01170467327856261 0.0018546783827028924 0.0005426311505828759 0.0018546783827028924 -0.010943520615562264
-0.011481560978069143 0.0012193133129848718 0.0008575592125962879 0.0012193133129848718 -0.0019262946766884495 0.0007639071358459438 0.0008575592125962879 0.0007639071358459438 -0.007931963637708064
-0.0033687202901667886 0.0006812729504779932 -0.0012239041010608691 0.0006812729504779932 0.0010990346653937438 0.0028086441448951223 -0.0012239041010608691 0.0028086441448951223 -0.0030051298745478053
-0.0027168283833751776 -0.0010577175727097684 -0.0017169547404229748 -0.0010577175727097684 -0.0007997152828387224 -0.0003791990950773736 -0.0017169547404229748 -0.0003791990950773736 -0.004227197660378276
-0.0005316132592004825 5.049866883596985e-05 -0.0007841066033803317 5.049866883596985e-05 -0.0047220846149707806 -4.774419599037149e-05 -0.0007841066033803317 -4.774419599037149e-05 0.0008290963265251049
-0.010131869283725949 -0.0019584301932204307 0.001319392493041612 -0.0019584301932204307 -0.01532221428244845 -0.001548931896841475 0.001319392493041612 -0.001548931896841475 -0.010568912308560888
-0.002684692866843197 0.0006785184776323948 0.003325566882252414 0.0006785184776323948 -0.005362040472764798 0.00036909936131017954 0.003325566882252414 0.00036909936131017954 -0.012113253417326365
-0.0018050978714821222 0.003049201440077379 0.00011201522905433311 0.003049201440077379 -0.0020318828024363865 -0.001664619756356606 0.00011201522905433311 -0.001664619756356606 0.0024652531968105277
0.0052940968092400386 -0.0014883334942383112 -8.997944628954627e-05 -0.0014883334942383112 0.007345260921595614 -0.0004774419599037149 -8.997944628954627e-05 -0.0004774419599037149 0.0038452440924553037
-0.009498340529238328 -0.0012633848785144456 -0.0029270864772558518 -0.0012633848785144456 -0.014016594153634829 -0.0016637015987414063 -0.0029270864772558518 -0.0016637015987414063 -0.009292673223433651
-0.0036019323244274493 -0.00019740388726788213 0.0023504834949105964 -0.00019740388726788213 0.004413583656263764 0.0004820327479797121 0.0023504834949105964 0.0004820327479797121 -0.0010494541541729734
-0.00319794297373969 -0.0006711732167107992 -0.0024211816312809543 -0.0006711732167107992 -0.008595791593497267 0.00011109707143913366 -0.0024211816312809543 0.00011109707143913366 -0.00976276992241577
0.0020667727918139657 0.0014222261459439507 0.0010393544204057793 0.0014222261459439507 0.004827672740718717 -0.001662783441126207 0.0010393544204057793 -0.001662783441126207 0.0060286229013996
-0.006778757673017552 -0.002711319437683981 -0.0018262154966317095 -0.002711319437683981 -0.0103834444702906 -0.0008483776364442933 -0.0018262154966317095 -0.0008483776364442933 -0.005830300856516518
-0.00818904776996391 0.00024973887133425085 0.0018280518118621084 0.00024973887133425085 -0.010848032223581522 -2.2035782764786838e-05 0.0018280518118621084 -2.2035782764786838e-05 -0.0056035159255622535
-0.011178568965053325 -0.0007795158153043345 0.0024689258272713255 -0.0007795158153043345 -0.01415339963829955 0.0005325314168156821 0.0024689258272713255 0.0005325314168156821 -0.007100112838337361
-0.00042418881822214665 -0.000790533706686728 0.003412791855696362 -0.000790533706686728 -0.0046844401527476025 0.0017334815774965647 0.003412791855696362 0.0017334815774965647 -0.0015691313643758631
-0.010846195908351123 -0.0011210704481585305 0.001530568744537486 -0.0011210704481585305 -0.011182241595514121 -0.0019097678396148596 0.001530568744537486 -0.0019097678396148596 -0.008967645427653045
0.0011660601713033036 -0.0005178408949724907 0.0017417449960333599 -0.0005178408949724907 0.005764193508222158 0.0011660601713033036 0.0017417449960333599 0.0011660601713033036 0.005226153145715279
-0.014951278605907873 -0.002044737009049179 -0.002585531844401656 -0.002044737009049179 -0.016205481908270324 -6.151656021836326e-05 -0.002585531844401656 -6.151656021836326e-05 -0.017475293890091163
-0.01826950022723869 0.0027269281171423717 0.0024771892458081207 0.0027269281171423717 -0.013609850330101474 0.0012734846122816395 0.0024771892458081207 0.0012734846122816395 -0.018308981004692266
0.0014222261459439507 0.0027810994164391392 0.00037552646461657573 0.0027810994164391392 0.0006684187438652008 0.0024340358378937463 0.00037552646461657573 0.0024340358378937463 0.003087764059915756
-0.0033108763604092224 -0.001581067413373456 -0.0011577967527665086 -0.001581067413373456 -0.001962102823681228 -0.0005903753465732475 -0.0011577967527665086 -0.0005903753465732475 0.0034284005351547524
0.004985595850533022 -0.0024670895120409266 -0.0004985595850533022 -0.0024670895120409266 0.00443837391187415 0.00023872097995185744 -0.0004985595850533022 0.00023872097995185744 -0.0017454176264941575
-0.011007791648626227 0.0014525253472455328 -0.002097071993115548 0.0014525253472455328 -0.00726905383953406 -0.002950958575251038 -0.002097071993115548 -0.002950958575251038 -0.0055484264686502865
0.005557608044802281 -0.0009154031423538533 -4.3153407914374227e-05 -0.0009154031423538533 0.004606396755455649 0.0023550742829865938 -4.3153407914374227e-05 0.0023550742829865938 -0.002349565337295397
0.002265094836697047 0.0009539657621922303 -0.0019584301932204307 0.0009539657621922303 -0.0011366791276169212 -0.001813361290018917 -0.0019584301932204307 -0.001813361290018917 -0.002776508628363142
3.764446222317752e-05 0.0004912143241317066 -0.0007721705543827389 0.0004912143241317066 0.004201489247152691 -0.0019116041548452585 -0.0007721705543827389 -0.0019116041548452585 0.0010237457409473887
-0.004783601175189143 -0.0007923700219171269 -0.0019868930792916136 -0.0007923700219171269 0.0027820175740543387 -0.0003158462196286114 -0.0019868930792916136 -0.0003158462196286114 0.0016389113431310213
0.003017984081160598 -0.001548931896841475 -0.0017050186914253818 -0.001548931896841475 0.0013331648572696038 0.0010439452084817764 -0.0017050186914253818 0.0010439452084817764 -0.006431694094472158
-0.007313125405063633 0.002803135199203926 -0.0017995889257909252 0.002803135199203926 -0.012875324237941911 -0.0028003807263583275 -0.0017995889257909252 -0.0028003807263583275 -0.015044930682658214
-0.012433690425030975 0.0036460038899570227 0.0023752737505209815 0.0036460038899570227 -0.018445786489356984 -0.0010476178389425743 0.0023752737505209815 -0.0010476178389425743 -0.017722278288579817
-0.014882416784767911 0.003287922420029236 0.0039040061798280685 0.003287922420029236 -0.007547255596939494 -0.0007776795000739356 0.0039040061798280685 -0.0007776795000739356 -0.015668359703378643
-0.003626722580037834 0.002950958575251038 -0.0010714899369377601 0.002950958575251038 -0.004729429875892375 0.0014883334942383112 -0.0010714899369377601 0.0014883334942383112 -0.003026247499697393
0.003309040045178824 -0.0004976414274381028 4.4071565529573677e-05 -0.0004976414274381028 -0.005800919812830136 -0.00044714275860213297 4.4071565529573677e-05 -0.00044714275860213297 0.001990565709752411
-0.011776289572548167 -0.002002501758750004 0.002221023271167474 -0.002002501758750004 -0.008655471838485232 -0.0020704454222747635 0.002221023271167474 -0.0020704454222747635 -0.005260124977477659
0.005192181313952899 -0.0009971191701066045 0.00025800228987104596 -0.0009971191701066045 0.0005141682645116929 0.002498306870957708 0.00025800228987104596 0.002498306870957708 0.006473929344771334
-0.0037635280647025523 -0.0032328329631172693 -0.0004958051122077039 -0.0032328329631172693 -0.012344629136356627 -0.002019946753438794 -0.0004958051122077039 -0.002019946753438794 -0.00761979004854025
-0.015595825251777887 0.0004682603837517204 0.0033310758279436106 0.0004682603837517204 -0.015470037658495563 -0.0017775531430261385 0.0033310758279436106 -0.0017775531430261385 -0.013926614707345285
-0.013267377539632075 0.0008667407887482824 0.0018767141654676793 0.0008667407887482824 -0.013689730042623824 0.001999747285904406 0.0018767141654676793 0.001999747285904406 -0.006806302401473535
-0.0020787088408115587 -0.001150451491844913 0.0026654115569240086 -0.001150451491844913 -0.0024340358378937463 0.0018978317906172667 0.0026654115569240086 0.0018978317906172667 -0.0047946190665715364
-0.004584360972690862 0.00013129653897352159 -0.0003094191163222152 0.00013129653897352159 -0.009252274288364875 -0.0009870194363394106 -0.0003094191163222152 -0.0009870194363394106 -0.0009622291807290254
-0.005180245264955306 -0.0023789463809817794 0.0024762710881929212 -0.0023789463809817794 0.000361754100388584 -0.0006298561240268239 0.0024762710881929212 -0.0006298561240268239 -0.009404688452487982
-0.0012147225249088747 0.002412918212744159 -0.0018399878608597014 0.002412918212744159 -0.0009190757728146512 0.0001652683707359013 -0.0018399878608597014 0.0001652683707359013 0.0027526365303679563
-0.002096153835500348 -0.0018216247085557121 -0.00046734222613652095 -0.0018216247085557121 -0.004603642282610051 -0.0006867818961691899 -0.00046734222613652095 -0.0006867818961691899 0.0022632585214666483
-0.0031694800876685076 -0.0026296034099312295 0.0011724872746096998 -0.0026296034099312295 -0.002874751493189483 -0.0008364415874467004 0.0011724872746096998 -0.0008364415874467004 0.001693082642427789
-0.014058829403934004 -0.0016985915881189855 -0.0006050658684164386 -0.0016985915881189855 -0.005399684934987975 0.00028187438786623164 -0.0006050658684164386 0.00028187438786623164 -0.014005576262252436
-0.014891598360919906 0.00281323493297112 -0.0017793894582565375 0.00281323493297112 -0.010562485205254492 0.0029812577765526197 -0.0017793894582565375 0.0029812577765526197 -0.00981051411840614
0.0023064119293810226 0.0006206745478748294 3.856261983837697e-05 0.0006206745478748294 -0.00326496847964925 0.0029252501620254533 3.856261983837697e-05 0.0029252501620254533 -0.007651925565072231
-0.002776508628363142 0.0018464149641660972 -1.9281309919188485e-05 0.0018464149641660972 -0.0069137268424518715 -0.0023697648048297847 -1.9281309919188485e-05 -0.0023697648048297847 -0.010402725780209787
-0.00299778461362621 0.00236150138629299 0.0007473802987723537 0.00236150138629299 -0.003922369332132057 -0.0018886502144652723 0.0007473802987723537 -0.0018886502144652723 -0.0035156255085987006
0.00022770308856946402 -0.00018454968065508977 0.0004746874870581165 -0.00018454968065508977 -0.004635777799142032 -0.0007574800325395477 0.0004746874870581165 -0.0007574800325395477 0.0004453064433717341
-0.0025763502682496615 -0.0015131237498486965 0.0012165588401392734 -0.0015131237498486965 -0.0042207705570718795 -0.0010641446760161646 0.0012165588401392734 -0.0010641446760161646 -0.00031125543155261415
-0.0030317564453885893 -0.0013708093194927814 0.0006968816299363839 -0.0013708093194927814 0.00292984095010145 7.620708206155449e-05 0.0006968816299363839 7.620708206155449e-05 -0.0032842497895684383
-0.004724839087816378 0.00015241416412310898 -0.0025552326431000742 0.00015241416412310898 -0.0012082954216024785 0.0011449425461537161 -0.0025552326431000742 0.0011449425461537161 0.0005426311505828759
0.0008061423861451186 -0.0013809090532599752 -0.00048295090559491156 -0.0013809090532599752 -0.0032704774253404473 0.000768497923921941 -0.00048295090559491156 0.000768497923921941 -0.00905762487394259
-0.011130824769062953 0.003191515870433294 -0.000237802822336658 0.003191515870433294 -0.010641446760161644 -0.002856388340885494 -0.000237802822336658 -0.002856388340885494 -0.006703468748571196
-0.00525737050463206 -0.000817160277527512 0.0009098941966626566 -0.000817160277527512 -0.013866016304742119 0.0018537602250876931 0.0009098941966626566 0.0018537602250876931 -0.011776289572548167
-0.010510150221188123 0.001349691694343194 0.002989521195089415 0.001349691694343194 -0.006162673913218719 -0.0014929242823143085 0.002989521195089415 -0.0014929242823143085 -0.01083334170173833
-0.0030023754017022074 0.001252366987132052 -0.0008759223649002769 0.001252366987132052 -0.004958969279692239 0.001918949415766854 -0.0008759223649002769 0.001918949415766854 -0.004918570344623462
-0.0008529684245202907 -6.518919067916107e-05 0.00020015836011348046 -6.518919067916107e-05 -0.0053629586303799975 -0.00014965969127751064 0.00020015836011348046 -0.00014965969127751064 0.0006390377001788184
-0.008481021891597336 -0.0013340830148848033 0.0013405101181911995 -0.0013340830148848033 -0.01396517732718366 -0.0012165588401392734 0.0013405101181911995 -0.0012165588401392734 -0.014574833983676094
-0.01182403376853854 0.003124490364523734 0.002307330086996222 0.003124490364523734 -0.011861678230761716 -0.0009484568165010335 0.002307330086996222 -0.0009484568165010335 -0.006608898514205653
-8.17160277527512e-05 -0.0005903753465732475 0.002136552770569124 -0.0005903753465732475 -0.006083712358311568 0.0019070133667692612 0.002136552770569124 0.0019070133667692612 -0.006878836853074292
-0.0038856430275240796 0.001227576731521667 0.0014644613962431256 0.001227576731521667 -0.01044955181858496 -0.0017729623549501412 0.0014644613962431256 -0.0017729623549501412 -0.010625838080703255
-0.00827260011294706 0.0017160365828077751 0.0018950773177716681 0.0017160365828077751 -0.0025074884471097026 -0.0012486943566712542 0.0018950773177716681 -0.0012486943566712542 -0.0021723609175619027
-0.00427035106829265 -0.0010843441435505524 -0.0010540449422489705 -0.0010843441435505524 -0.0032429326968844633 0.0026736749754608033 -0.0010540449422489705 0.0026736749754608033 -0.008636190528566044
-0.008719742871549193 0.0016425839735918191 -0.0012376764652888609 0.0016425839735918191 -0.008661898941791627 -0.000626183493566026 -0.0012376764652888609 -0.000626183493566026 -0.004255660546449459
0.000617920075029231 -0.0012284948891368665 0.0008869402562826704 -0.0012284948891368665 -0.005454774391899943 0.0011449425461537161 0.0008869402562826704 0.0011449425461537161 -0.004134463741243131
0.0055107820064271085 -8.263418536795066e-06 0.000579357455190854 -8.263418536795066e-06 0.006389458844172985 -0.0021438980314907197 0.000579357455190854 -0.0021438980314907197 0.0038755432937568855
-0.0023973095332857682 -0.001103625453469741 -0.001605857668983841 -0.001103625453469741 -0.000493968796977305 -0.0015930034623710487 -0.001605857668983841 -0.0015930034623710487 -0.0011183159753129321
-0.00020474914818947773 -0.0010678173064769623 -0.0007271808312379657 -0.0010678173064769623 -0.006226026788667482 0.00035073620900619054 -0.0007271808312379657 0.00035073620900619054 -0.0017940799800997284
-0.016497456029903747 -0.0011476970189993147 0.0021677701294859054 -0.0011476970189993147 -0.018022515828750037 -0.001850087594626895 0.0021677701294859054 -0.001850087594626895 -0.012890932917400302
-0.003071237222842166 -4.2235250299174776e-05 0.0032135516531980805 -4.2235250299174776e-05 -0.008286372477175051 0.0024689258272713255 0.0032135516531980805 0.0024689258272713255 -0.010523922585416115
-0.006922908418603866 0.0022880487770770334 0.0005867027161124496 0.0022880487770770334 -0.010008836163289223 -0.0011880959540680905 0.0005867027161124496 -0.0011880959540680905 -0.005446510973363148
0.004459491537023737 -0.0006739276895563975 0.0016471747616678164 -0.0006739276895563975 0.0054299841362895574 -0.00011109707143913366 0.0016471747616678164 -0.00011109707143913366 0.005657687224859021
-0.0028628154441918906 -0.0018537602250876931 -0.0020539185852011736 -0.0018537602250876931 -0.006221436000591485 -0.0014001903631791638 -0.0020539185852011736 -0.0014001903631791638 -0.005278488129781648
